"AQI_NO2","NO2.GT.","RH","CO.GT.","T","C6H6.GT.","NOx.GT."
101.168048013718,113,48.9,2.6,13.6,11.9,166
91.4782608695652,92,47.7,2,13.3,9.4,103
101.182052014861,114,54,2.2,11.9,9,131
101.294084024007,122,60,2.2,11,9.2,172
101.210060017148,116,59.6,1.6,11.2,6.5,131
95.7391304347826,96,59.2,1.2,11.2,4.7,89
75.5,77,56.8,1.2,11.3,3.6,62
74.4347826086957,76,60,1,10.7,3.3,62
57.3913043478261,60,59.7,0.9,10.7,2.3,45
26.4150943396226,28,56.2,0.7,11,1.1,16
45.2830188679245,48,58.1,0.7,10.5,1.6,34
80.8260869565217,82,59.6,1.1,10.2,3.2,98
101.154044012575,112,57.4,2,10.8,8,174
101,101,60.6,2.2,10.5,9.5,129
97.8695652173913,98,58.4,1.7,10.8,6.3,112
91.4782608695652,92,57.9,1.5,10.5,5,95
94.6739130434783,95,66.8,1.6,9.5,5.2,104
101.154044012575,112,76.4,1.9,8.3,7.3,146
101.378108030866,128,81.1,2.9,8,11.5,207
101.35010002858,126,79.8,2.2,8.3,8.8,184
101.420120034296,131,71.2,2.2,9.7,8.3,193
101.476136038868,135,67.6,2.9,9.8,11.2,243
101.700200057159,151,64.2,4.8,10.3,20.8,281
101.994284081166,172,69.3,6.9,9.7,27.4,383
101.896256073164,165,67.8,6.1,9.6,24,351
101.490140040011,136,64,3.9,9.1,12.8,240
84.0217391304348,85,63.4,1.5,8.2,4.7,94
50,53,60.8,1,8.2,2.6,47
96.804347826087,97,58.5,1.7,8.3,5.9,122
101.126036010289,110,59.7,1.9,7.7,6.4,133
90.4130434782609,91,61.8,1.4,7.1,4.1,82
41.5094339622642,44,65,0.6,6.3,1,30
69.1086956521739,71,62.9,0.8,6.8,1.8,56
101.04201200343,104,65.1,1.4,6.4,4.4,109
101.560160045727,141,63.1,4.4,7.3,17.9,307
101.294084024007,122,41.7,3.1,13.2,14,187
101.588168048014,143,38.4,2.7,14.3,11.6,216
101.168048013718,113,36.5,2.1,15,10.2,143
101.210060017148,116,34.5,2.5,16.1,11,160
101.30808802515,123,35.7,2.7,16.3,12.8,163
101.35010002858,126,37,2.9,15.8,14.2,190
101.26607602172,120,37.2,2.8,15.9,12.7,178
101.252072020577,119,34.3,2.4,16.9,11.7,150
101.672192054873,149,39.6,3.9,15.1,19.3,206
101.6161760503,145,43.4,3.7,14.4,18.2,202
101.96627607888,170,50.5,6.6,12.9,32.6,340
101.672192054873,149,53.3,4.4,12.1,20.1,274
101.532152043441,139,59.1,3.5,11,14.3,253
101.462132037725,134,64.6,5.4,9.7,21.8,300
101.168048013718,113,64.1,2.7,9.5,9.6,193
96.804347826087,97,63.9,1.9,9.1,7.4,139
80.8260869565217,82,63.9,1.6,8.8,5.4,83
62.7173913043478,65,63.6,1,8.3,2.6,62
57.3913043478261,60,67.5,1.2,7.2,2.9,53
75.5,77,71.9,1.5,6.3,5.1,139
95.7391304347826,96,71.6,2.7,6.5,11.8,256
101.252072020577,119,59.7,3.7,9.6,15.1,295
101.35010002858,126,51.2,3.2,12.4,12.9,250
101.798228065161,158,42.2,4.1,15.6,16.1,296
101.840240068591,161,33.8,3.6,18.4,14,239
101.322092026293,124,31.3,2.8,19.4,12.3,153
101.014004001143,102,34.8,2,18,8.6,118
101.210060017148,116,33.6,2,18.4,9.2,119
101.322092026293,124,35.1,2.5,17.6,10.2,138
101.336096027436,125,37.8,2.3,16.7,10.6,148
101.65818805373,148,41,3.2,16.1,15.5,227
101.896256073164,165,42.4,4.2,15.8,19.6,277
101.840240068591,161,44.1,4.2,15.7,19.2,279
101.812232066305,159,46.8,4.2,15.3,18.3,283
101.588168048014,143,48.6,3.1,14.6,13.1,214
101.406116033152,130,49.3,2.6,14.7,10.9,172
101.392112032009,129,53.6,2.9,13.9,11,190
101.252072020577,119,51.5,2.8,14.6,11.9,174
101.04201200343,104,58.9,2.5,12.5,8.6,128
68.0434782608696,70,63.1,1.2,11.5,3.7,53
60.5869565217391,63,62.2,1,11.6,2.5,44
64.8478260869565,67,67.6,0.9,10.4,2.4,74
82.9565217391304,84,62.7,1.4,11.6,4.2,101
81.8913043478261,83,60,1.6,12.4,6.4,118
97.8695652173913,98,53.1,2.2,14.5,8.6,144
101.182052014861,114,46.1,2.8,16.9,10.9,176
101.252072020577,119,38.3,2.8,19.3,10.7,161
101.04201200343,104,31.4,2,21.2,7.5,113
101.014004001143,102,30.2,1.8,21.4,7.5,103
101.084024006859,107,29,1.9,21.9,8.2,112
101.392112032009,129,28.4,3,22.2,11.9,170
101.378108030866,128,30.8,2.9,21.3,12,180
101.280080022864,121,36.7,2.5,19.7,12.2,160
101.784224064018,157,41.7,4.6,18.4,20.6,261
102.008288082309,173,46.1,5.9,17.6,23.1,325
101.630180051443,146,49.6,3.4,16.7,14.7,217
101.280080022864,121,51,2.1,16.3,9,146
101.252072020577,119,55.9,2.2,14.7,8.8,152
98.9347826086957,99,54.7,1.8,14.8,7.4,104
92.5434782608696,93,57,1.8,14,6.9,106
87.2173913043478,88,61.3,1.8,13.4,7,108
72.304347826087,74,67.4,1,11.9,3.9,88
78.695652173913,80,70.5,1.4,11.4,6.4,138
88.2826086956522,89,70.2,2.2,11.3,9.7,228
101.182052014861,114,63.9,5.5,12.4,25.9,360
101.672192054873,149,54.3,8.1,14.8,36.7,478
101.784224064018,157,45.6,5.8,17.4,26.6,394
101.756216061732,155,38.5,4.2,19.8,20.1,319
101.462132037725,134,34.1,3.1,22,14.1,201
101.252072020577,119,32.2,2.9,23.3,14.9,171
101.140040011432,111,30,2.9,23.9,15.4,159
101.04201200343,104,28.9,2.5,24.4,12.1,153
98.9347826086957,99,29.4,2.3,24.4,11.5,143
101.126036010289,110,31.3,2.8,23.8,14.8,156
101.854244069734,162,35.4,6.1,22.5,32.1,314
102.204344098314,187,42.5,8,20.4,39.2,404
101.896256073164,165,52.6,6.5,18.3,31,320
101.6161760503,145,57.4,4.2,16.7,19.9,256
101.336096027436,125,60.2,3.2,15.7,15.3,193
101,101,61.4,1.4,15.3,6.9,89
101.028008002286,103,65.7,2.1,14.1,11.1,127
87.2173913043478,88,60.6,1.2,14.8,5.4,79
58.4565217391304,61,59.2,0.8,14.8,2.8,43
49.0566037735849,52,63.2,0.6,12.8,2,38
61.6521739130435,64,68.5,0.9,11.2,3.5,82
68.0434782608696,70,66.5,1.3,11,5.1,99
96.804347826087,97,63.7,3.4,11.7,16.2,263
94.6739130434783,95,56.3,3.7,13.6,19.7,229
101.686196056016,150,42.9,5.3,17.8,25.1,396
101.854244069734,162,33.3,4.1,21.4,20,314
101.742212060589,154,27.4,3.3,24.4,18.3,217
101.840240068591,161,26.1,4,25.3,22.3,252
101.840240068591,161,23.2,3.8,25.8,20.4,263
101.378108030866,128,20.2,2.8,27,14.6,180
101.392112032009,129,18.6,2.9,28.2,16.6,184
101.448128036582,133,19.1,2.9,28,15.8,190
101.532152043441,139,25.7,3.4,23.9,17.8,184
101.504144041155,137,34.8,3.9,21.3,19.1,181
101.588168048014,143,36.7,3.2,20.4,15.8,166
102.064304086882,177,41.3,5.1,19,24.9,317
101.518148042298,138,45.9,2.6,17.9,13.5,184
101.224064018291,117,48.9,1.7,16.7,9.1,130
101.084024006859,107,52.9,1.7,15.5,8.6,132
89.3478260869565,90,51.9,1.2,15.5,5.4,95
77.6304347826087,79,55.6,0.9,14.1,4.1,70
37.7358490566038,40,58,0.5,11.8,1.6,28
50,53,57.4,0.5,11.9,1.9,46
82.9565217391304,84,65.2,1.6,9.9,7.5,160
101.098028008002,108,60.2,4.1,11.1,21.4,320
101.364104029723,127,50,6.6,14.1,36.4,377
101.462132037725,134,40.1,4.3,17.7,21.3,280
101.476136038868,135,33.4,2.9,21.1,15.4,221
101.574164046871,142,28.3,2.5,24.3,12.5,210
101.728208059446,153,25.6,2.8,25.6,15.1,204
101.30808802515,123,25.9,2.6,25.9,13.7,161
101.04201200343,104,18.7,2,26.8,10.4,135
101.392112032009,129,15.8,2.9,29.3,15.2,186
101.182052014861,114,14.9,2.5,28.5,12.3,147
101.798228065161,158,16,5,25.9,27,299
102.302372106316,194,26.5,7.6,23.1,38.4,411
102.134324092598,182,38.2,6.7,20.5,35.1,347
102.106316090312,180,42.6,5.7,19.1,27.2,336
101.490140040011,136,44.1,2.8,17.2,15,202
101.364104029723,127,50.9,2.6,16,15.7,178
101.210060017148,116,53.9,2.3,14.8,13,154
101.084024006859,107,55.4,1.4,14.3,8.1,92
87.2173913043478,88,52.1,1,14.8,5.5,61
54.195652173913,57,58.9,0.6,12,2.5,37
69.1086956521739,71,62.1,0.7,10.9,3,68
84.0217391304348,85,63.3,1.5,10.6,7.7,139
101.322092026293,124,60,4.7,11.5,23.3,339
101.700200057159,151,50.6,6.6,14.3,35.8,421
101.686196056016,150,40.5,4.5,17.8,21.3,349
101.714204058302,152,34.4,2.8,20.8,14.3,224
101.532152043441,139,28.2,2.2,23.8,12.5,171
101.448128036582,133,28.7,2.2,24.2,12.2,149
101.35010002858,126,24.9,2.3,25.2,13.1,137
101.378108030866,128,17.8,2.2,27,14.4,149
101.952272077736,169,23.1,2.8,27.1,16.8,172
101.672192054873,149,23.9,2.7,25.8,14.5,166
101.770220062875,156,26.8,3.7,23,21.5,214
101.938268076593,168,31.1,5.1,20.7,26.4,280
102.050300085739,176,36.2,5.1,18.6,26,276
101.476136038868,135,48.4,3.2,16,14.1,178
101.280080022864,121,57.8,2.1,14.5,10.3,129
98.9347826086957,99,64.2,1.7,13.1,8.3,95
101.070020005716,106,69.7,2,12,8.9,126
95.7391304347826,96,71.1,1.6,11.9,6.6,103
60.5869565217391,63,69.3,0.9,12.5,3.6,48
26.4150943396226,28,66.8,0.5,12.5,1.3,18
58.4565217391304,61,66.3,0.7,12.3,2.3,56
98.9347826086957,99,64.9,1.5,12.4,6.7,115
101.784224064018,157,61.6,4.8,13,22.8,320
101.910260074307,166,58.8,6.2,13.6,31.3,357
101.672192054873,149,57.1,4,13.9,19.2,253
101.476136038868,135,54.4,3.3,14.5,16.4,218
101.364104029723,127,50.1,2.8,15.5,14,192
101.294084024007,122,47.6,3,16.1,15.3,176
101.476136038868,135,47.1,3.3,16.3,16.7,198
101.532152043441,139,47.5,3.5,16.4,19,212
101.644184052586,147,50.2,4,16.1,19.4,249
101.798228065161,158,50.7,4.6,16,20.9,270
101.630180051443,146,50.3,4.1,15.8,20.2,231
101.602172049157,144,50.6,4.5,15.5,21.7,251
101.518148042298,138,51.4,3.9,15.4,19.8,210
101.588168048014,143,53.1,4,15.2,16.7,249
101.210060017148,116,57.6,2.2,14.7,9.1,143
101.112032009145,109,58.3,2.1,14.2,8.3,127
91.4782608695652,92,57.9,1.7,13.8,5.8,104
81.8913043478261,83,55.9,1.6,13.9,5.2,86
79.7608695652174,81,55.6,1.3,13.9,4.1,74
50,53,55.1,0.8,13.6,3.1,42
64.8478260869565,67,59,0.8,13.6,2.5,63
90.4130434782609,91,58.4,1.1,13.5,4.3,115
101.168048013718,113,58,2.1,13.8,8.9,170
101.014004001143,102,53.1,2.4,14.6,10.5,147
101.084024006859,107,52.3,2.6,15,12.5,166
101.168048013718,113,52.1,2.8,15.4,12.3,195
101.098028008002,108,50,2.6,16.3,11.7,182
101.056016004573,105,47.9,2.6,17.1,11.7,168
92.5434782608696,93,42.9,2.1,19,9.3,125
86.1521739130435,87,42.3,1.7,19.5,7.6,95
74.4347826086957,76,42.3,1.6,19.5,6.7,79
93.6086956521739,94,43.8,2.1,19.1,9.7,119
101.126036010289,110,46.3,2.3,18.5,12.4,142
101.490140040011,136,51.6,3.5,17.4,16.6,215
101.532152043441,139,51.3,3.9,17.1,16.4,229
101.336096027436,125,53.8,3.3,16.4,13.7,206
101.140040011432,111,55.4,2.3,16.2,9.9,147
96.804347826087,97,57.7,2.1,15.9,8.9,122
101.084024006859,107,58.6,2.8,15.7,10.6,175
89.3478260869565,90,60.9,2.1,15.1,7.4,133
82.9565217391304,84,56.6,1.6,15.6,6.2,89
63.7826086956522,66,60.6,1.1,14.9,4,55
33.9622641509434,36,63,0.7,14.5,2.1,24
59.5217391304348,62,66.2,0.8,14.2,3.6,72
90.4130434782609,91,65.3,1.2,14.5,4.4,122
88.2826086956522,89,62.1,1.4,15.3,5.4,111
92.5434782608696,93,59,1.7,16.3,7.1,123
79.7608695652174,81,49.6,1.8,18.9,7.3,106
80.8260869565217,82,46.1,1.8,19.4,7.6,103
78.695652173913,80,41.6,1.9,20.8,6.8,102
45.2830188679245,48,40.3,1.3,21.4,4.6,48
58.4565217391304,61,39.3,1.6,21.2,8.4,63
88.2826086956522,89,38,1.9,20.3,6.9,98
101.056016004573,105,41.3,2.3,19.4,9,132
101.210060017148,116,43.8,3.8,18.5,15.1,173
101.252072020577,119,48.1,3.5,17.8,12.6,185
101.602172049157,144,46.9,4.3,17.9,15.1,266
101.30808802515,123,49.1,2.8,17.4,9.9,188
101.056016004573,105,51.7,1.9,17,8,122
92.5434782608696,93,55.1,1.9,16.4,7.9,112
85.0869565217391,86,60,1.7,16.1,6.1,93
74.4347826086957,76,60.5,1.5,15.8,5.1,74
31.1320754716981,33,57,0.6,16.3,1.7,23
21.6981132075472,23,53.9,0.3,16.5,0.7,15
43.3962264150943,46,54,0.6,16.4,2,41
74.4347826086957,76,57.6,1.2,15.7,5.1,86
101.210060017148,116,53.7,3.6,15.8,17.7,226
101.196056016005,115,42.1,3.7,17.4,18.4,214
81.8913043478261,83,38.4,1.8,17.9,6.9,115
86.1521739130435,87,36.7,1.6,18.5,7.3,124
89.3478260869565,90,29.6,1.9,21,9.6,122
86.1521739130435,87,28.1,2,21.3,10.4,107
98.9347826086957,99,26.1,2.2,21.3,11.2,133
98.9347826086957,99,26.8,2.1,21.3,10.7,130
101,101,24.2,2.3,21.3,11.6,150
101.028008002286,103,28.5,2.6,20.2,12.4,138
101.392112032009,129,43.1,3.8,17,18.3,213
101.588168048014,143,47.4,4.4,15.6,21,232
101.630180051443,146,47.4,4.5,15.3,21,238
101.322092026293,124,49.7,3.3,14.5,14.5,180
101.168048013718,113,52,2,13.9,8.4,128
78.695652173913,80,49.4,1.1,14.5,4.3,65
70.1739130434783,72,51.4,0.9,13.8,3.8,53
61.6521739130435,64,51.3,0.8,14,2.7,47
68.0434782608696,70,56.8,0.7,13,2.5,51
20.7547169811321,22,80.5,0.3,8.8,0.6,13
44.3396226415094,47,75.4,0.5,9.6,1.8,33
87.2173913043478,88,75,1.1,9.8,4.6,103
101.406116033152,130,74.2,3,10,14.2,224
101.434124035439,132,69.7,3.8,11.2,21,244
101.434124035439,132,62.9,3.4,12,16.2,237
101.420120034296,131,55.8,3,12.8,15.5,220
101.392112032009,129,54.8,2.7,13.1,13.4,207
101.434124035439,132,53.4,3.5,13.8,16.9,208
101.126036010289,110,42.4,2.8,16,12.4,160
98.9347826086957,99,49.8,1.9,14.1,10.1,131
100,100,61.1,2,12,8.7,128
101.294084024007,122,54.6,3,13.6,13.8,176
96.804347826087,97,49.5,1.9,13.7,9.3,107
101.154044012575,112,57.1,2.7,11.7,13,131
101.378108030866,128,58.2,3.3,11.5,14.3,166
101,101,54.2,1.7,12.6,7.6,89
95.7391304347826,96,54.9,1.3,12,5.3,81
85.0869565217391,86,61.4,1.3,11,5.4,78
84.0217391304348,85,62.2,1.2,11.1,4.9,70
77.6304347826087,79,62.5,1.1,10.8,4.6,76
58.4565217391304,61,60,0.9,11.3,2.7,43
51,54,58.6,0.6,10.9,1.2,34
54.195652173913,57,57.2,0.8,10.8,1.7,43
73.3695652173913,75,59.2,1.2,10.4,4.8,79
96.804347826087,97,57.3,3.1,11,13.8,174
101.126036010289,110,56.9,4.4,11.2,23.7,235
101.168048013718,113,54.9,3.4,12.1,14.2,218
87.2173913043478,88,44.3,1.7,15.1,8,136
84.0217391304348,85,40.6,1.5,15.6,6.7,117
95.7391304347826,96,34.6,1.7,16.9,8.7,119
101.070020005716,106,35.6,2.2,16.6,10.8,126
101.35010002858,126,81.1,2.7,9.6,11.4,197
101.406116033152,130,69.1,2.8,11.7,13.4,195
101.140040011432,111,68.5,2.7,10.7,12,156
101.462132037725,134,67.3,4.5,10.7,20.2,247
101.490140040011,136,65.7,3.5,10.8,14.4,190
101.336096027436,125,66.3,2.6,10.3,9.4,169
101.098028008002,108,66.9,1.7,10.1,5.9,118
86.1521739130435,87,61.1,1.3,10.4,4.5,81
88.2826086956522,89,59.9,1.3,10.3,4.5,80
55.2608695652174,58,58.4,1,11,2.5,42
51,54,68.1,0.7,9.1,1.8,38
26.4150943396226,28,72.3,0.5,9.3,0.9,18
18.8679245283019,20,66.8,0.5,9.9,0.6,12
48.1132075471698,51,83.2,0.6,7.6,1.4,43
80.8260869565217,82,79,1.1,8.1,3.8,84
101.154044012575,112,74.6,2.7,8.7,11.6,184
101.252072020577,119,75.1,3.5,8.6,17.8,202
98.9347826086957,99,69.7,2.3,9.7,8.8,133
97.8695652173913,98,64.4,1.6,11,6.8,130
87.2173913043478,88,53,1.3,13.6,5.9,106
95.7391304347826,96,48.4,2,14.2,8.9,132
79.7608695652174,81,46.3,1.9,14.2,8.2,106
91.4782608695652,92,41.3,1.9,16,8.6,125
101.056016004573,105,35.4,2.2,17.7,10.1,138
87.2173913043478,88,37.4,2,17.1,9.4,120
101.028008002286,103,40.5,2.9,14.9,14.6,158
101.560160045727,141,47.8,5.2,13.4,24.6,253
101.448128036582,133,52.5,4.6,12.6,21.6,231
101.252072020577,119,53.2,2.5,12.2,10.3,150
101.070020005716,106,56.1,1.5,10.6,5.7,99
91.4782608695652,92,59.5,1.2,9.9,4.5,75
96.804347826087,97,61.1,1.7,9.6,5.5,93
90.4130434782609,91,61.6,1.4,9.7,4.8,79
81.8913043478261,83,62.6,1.2,9.4,3.6,67
56.3260869565217,59,69.4,0.7,8,2.2,45
71.2391304347826,73,72.4,0.8,7.7,3,72
76.5652173913043,78,71.8,0.9,8,4,103
89.3478260869565,90,66.3,1.6,8.5,6.7,132
101.126036010289,110,59.6,3.4,9.8,16.7,239
101.182052014861,114,57,3.8,11.2,19.3,275
101.252072020577,119,44.1,3.1,14.8,14.8,232
101.280080022864,121,35.3,2.7,16.8,13.4,180
96.804347826087,97,27.1,2,19.2,11,112
98.9347826086957,99,26.2,2.3,19.1,12.5,116
84.0217391304348,85,30.8,1.9,16.3,8.4,103
73.3695652173913,75,36.8,1.3,14.2,5.3,89
86.1521739130435,87,41,1.9,13.4,8.8,112
101.014004001143,102,43.3,2.3,14.2,11.2,127
101.056016004573,105,45.6,2.4,12.1,11.6,125
97.8695652173913,98,48,2.7,10.4,12.4,120
92.5434782608696,93,51.1,2.6,10,10.6,120
90.4130434782609,91,50.8,1.5,9.8,6,99
84.0217391304348,85,50.4,1.2,9.7,4.6,79
72.304347826087,74,50.2,1.1,9.9,4.1,66
86.1521739130435,87,53.4,1.5,9.4,5.2,94
77.6304347826087,79,57.8,1,8.6,3.2,70
76.5652173913043,78,62.1,1.2,8.1,4.5,75
45.2830188679245,48,58.9,0.8,8.2,1.9,32
56.3260869565217,59,66.6,0.9,6.3,2.4,54
62.7173913043478,65,62.9,1.1,7.2,3.3,68
69.1086956521739,71,63.9,1.5,7.2,6.7,98
82.9565217391304,84,50.5,1.8,11.1,8.5,128
92.5434782608696,93,36.1,2.1,15.5,9.7,129
98.9347826086957,99,29.2,2.1,17.8,9.4,130
92.5434782608696,93,30.1,1.9,17.6,9,111
95.7391304347826,96,26.8,2.1,19.1,10,106
101.182052014861,114,28.6,2.5,17.7,12.6,137
101,101,28.4,1.9,17.8,7.6,113
101.098028008002,108,26,2.2,18.7,11.8,122
101.224064018291,117,31.3,2.3,17.1,11.2,137
101.336096027436,125,36.1,2.7,15.8,12.4,165
101.448128036582,133,40.1,3,14.7,12.9,196
101.252072020577,119,44.9,2.8,13.6,12.2,174
101.084024006859,107,48.1,2.2,12.5,8.8,140
95.7391304347826,96,50.8,1.6,11.8,6.8,102
101.056016004573,105,56.1,2.1,10.9,8.6,130
101.014004001143,102,55.9,2.3,10.9,8.9,121
96.804347826087,97,58.1,2.3,10.3,8.3,111
77.6304347826087,79,62.2,1.7,9.3,6.3,87
66.9782608695652,69,64.9,1.3,8.3,5.1,77
49.0566037735849,52,58.5,0.8,9.6,2.6,39
59.5217391304348,62,66.4,1.1,7.7,3.6,77
66.9782608695652,69,68,1.4,7.4,3.6,91
73.3695652173913,75,58.6,1.3,9.7,4.7,105
81.8913043478261,83,50.1,1.9,12.5,7.5,133
93.6086956521739,94,36.9,2.3,16.8,9,128
95.7391304347826,96,31.3,2.3,19.2,9.5,126
85.0869565217391,86,26.4,1.8,21.3,7.7,92
70.1739130434783,72,23.1,1.4,21.2,5.7,66
50,53,25,1,18.6,3.8,50
62.7173913043478,65,27.3,1.4,18,4.8,70
68.0434782608696,70,28.3,1.3,18.2,4.3,73
73.3695652173913,75,31.4,1.3,17,4.1,77
85.0869565217391,86,35,1.4,15.6,4.7,86
93.6086956521739,94,40.2,1.9,14.1,6.2,93
101.028008002286,103,43.2,1.8,13.4,5.5,105
79.7608695652174,81,46.8,1.1,12.3,3.3,67
78.695652173913,80,46.5,1.1,11.9,3.2,63
75.5,77,46.6,1.1,11.5,2.9,63
55.2608695652174,58,48,0.9,10.6,2.2,46
29.2452830188679,31,45.8,0.6,10.7,1.3,21
35.8490566037736,38,46.6,0.5,10.4,1.1,22
56.3260869565217,59,46.9,0.6,11.3,1.2,39
68.0434782608696,70,51.2,0.7,10.1,1.7,55
73.3695652173913,75,50.7,0.9,9.9,2.9,76
101.028008002286,103,56.8,2.9,8.1,14.3,181
101.462132037725,134,44.1,4.1,10.9,19.7,259
97.8695652173913,98,37.6,1.5,11.8,5.5,118
96.804347826087,97,33.2,1.5,13.9,5.6,119
97.8695652173913,98,30.1,1.5,15.6,5.8,123
76.5652173913043,78,29,1.4,16.5,5.5,92
81.8913043478261,83,27.9,1.6,17.5,6.5,91
91.4782608695652,92,26.8,1.5,17.9,5.5,103
79.7608695652174,81,26.1,1.4,18.2,5.2,102
89.3478260869565,90,27.1,1.5,18,5.8,94
94.6739130434783,95,28.9,1.9,17,7.9,98
101.182052014861,114,31.3,2.5,16.1,10.2,126
101.070020005716,106,35.4,2.1,14.5,8.2,108
98.9347826086957,99,37.9,1.6,13.2,5.7,95
89.3478260869565,90,34.4,1.2,13.1,3.8,78
80.8260869565217,82,28.5,1.1,13.5,4,61
72.304347826087,74,31.9,1,12.4,2.8,55
74.4347826086957,76,26.8,1,13.1,2.6,57
63.7826086956522,66,33.6,0.7,11.6,1.8,41
71.2391304347826,73,42.9,0.7,10.5,1.7,46
69.1086956521739,71,33.9,0.7,12.9,2.3,52
97.8695652173913,98,40.3,1.1,11.3,5.3,111
101.196056016005,115,38.4,2.6,11.9,13.4,191
101.406116033152,130,35.6,4,13.3,23.8,244
101.686196056016,150,28.8,4.2,16.3,21.5,283
101.812232066305,159,28.2,4.7,17.9,21,320
101.630180051443,146,26.6,3.9,18.3,18.4,249
101.518148042298,138,22.5,3.7,20.8,18.9,219
101.378108030866,128,20,3.4,22.4,17.1,200
96.804347826087,97,21.7,2.2,20.9,10.4,138
90.4130434782609,91,26.5,1.9,19.1,8,118
79.7608695652174,81,30.6,1.6,18.1,6.2,99
98.9347826086957,99,34.7,2.1,17.3,9.7,112
101,101,40.4,2.2,15.8,9.6,117
101.070020005716,106,42,2.7,15.9,11.9,129
101.014004001143,102,43.5,2.4,15.9,8.7,132
82.9565217391304,84,46.1,1.3,15,4.7,73
79.7608695652174,81,44.6,1.2,15.1,3.8,68
90.4130434782609,91,43.5,1.5,14.9,4.7,80
80.8260869565217,82,41,1.3,14.8,3.8,68
61.6521739130435,64,40.8,1,14.8,2.7,44
68.0434782608696,70,40.8,0.9,14.8,2.8,47
24.5283018867925,26,36.1,0.5,14.5,0.8,15
55.2608695652174,58,36,0.6,14.6,1.5,44
92.5434782608696,93,38.5,1,14.4,3.5,85
101.126036010289,110,58.2,3.1,13.8,15.6,207
101.196056016005,115,61.1,4.1,13.2,19.9,230
101.336096027436,125,74.4,2.2,10.4,8.6,181
101.238068019434,118,71,1.7,11.5,6.5,144
101.112032009145,109,70,1.9,12.2,7.7,140
101.30808802515,123,73.3,2.9,12.3,11.3,204
101.182052014861,114,78.1,2.2,11.3,9.1,149
101.182052014861,114,69.2,2.6,13.6,11.2,171
101.252072020577,119,59.3,3.1,14.9,13.5,195
101.140040011432,111,50.9,2.3,15.7,10.1,152
101.028008002286,103,52.9,2.4,15.2,11.3,128
101.028008002286,103,50.8,2.8,15.5,11.8,121
101.084024006859,107,52.9,2.7,14.3,11.5,142
101.056016004573,105,56,2.3,13.2,9.3,131
90.4130434782609,91,57,1.5,12.6,5.5,81
77.6304347826087,79,57.8,1.4,12.3,5.1,60
77.6304347826087,79,58.4,1.2,12,4.8,57
85.0869565217391,86,61.6,1.6,12,6.3,96
68.0434782608696,70,63.9,1.2,11.5,5.1,85
52.0652173913044,55,67.2,1.1,10.7,4.1,50
46.2264150943396,49,66.6,0.7,10.2,2.4,57
47.1698113207547,50,63.7,0.9,11,2.9,64
64.8478260869565,67,68.8,1.7,9.6,7.4,153
93.6086956521739,94,69.6,4.2,9.5,19.8,342
101.252072020577,119,60.9,6.2,11.9,31.9,378
101.532152043441,139,48.6,4.6,16.2,21,304
101.168048013718,113,39.6,2.8,19.2,11.7,192
87.2173913043478,88,38.4,1.6,19.7,6.8,130
71.2391304347826,73,36.7,1.7,20.6,7.4,106
71.2391304347826,73,33.9,1.7,21.8,8.6,102
101.070020005716,106,27.5,3.3,23.6,16.4,163
101.434124035439,132,32.1,4.2,22.8,21.2,211
101.882252072021,164,36.7,5.5,20.8,25,267
101.840240068591,161,40.9,4.9,18.3,20.2,269
101.322092026293,124,44,2.5,16.8,10.8,154
101.168048013718,113,48,2,15.8,9.9,127
101.028008002286,103,52,2,14.9,8.5,122
101.04201200343,104,54.4,2,14.1,8,126
92.5434782608696,93,58.8,1.3,13.3,5.6,84
57.3913043478261,60,60.9,1,13.3,3.2,58
63.7826086956522,66,72.9,0.7,11.3,2.6,56
80.8260869565217,82,71.8,1.1,11.4,4.3,91
101.112032009145,109,73.7,2.6,11.9,13,159
101.182052014861,114,70.2,3.9,12.6,20.3,190
101.532152043441,139,65.3,5,13.6,20.7,249
101.364104029723,127,52.3,3.3,16.9,15.9,196
101.364104029723,127,44.1,2.9,19.4,14.2,180
101.476136038868,135,33.8,3.1,22.9,15.9,167
101.406116033152,130,31.3,3,23.6,16.1,159
101.35010002858,126,30.5,2.7,24.7,14.7,152
101.280080022864,121,27.3,2.7,26.1,14,149
101.294084024007,122,22.8,2.6,27.6,13.6,143
101.518148042298,138,22.3,3.7,26.9,19.7,185
101.896256073164,165,30.1,4.5,24.3,23.3,223
101.742212060589,154,40.1,4.7,21.2,24.1,215
101.938268076593,168,42.5,5.5,19.4,25.4,271
101.630180051443,146,43,3,18.5,14.1,180
101.322092026293,124,47,1.9,17.8,10.1,115
101.322092026293,124,53.2,2.3,16.8,12.1,149
101.070020005716,106,51.8,1.6,17.1,9,98
87.2173913043478,88,54.2,1.3,16.2,6.3,73
81.8913043478261,83,58.2,1.2,15.1,5.3,69
72.304347826087,74,58,0.8,14.5,3,60
61.6521739130435,64,61.6,0.8,13.7,3.3,56
66.9782608695652,69,59.6,0.9,13.9,3.5,73
90.4130434782609,91,61.7,2,13.3,9.5,159
95.7391304347826,96,55.8,3,15.1,15.2,203
101.070020005716,106,50.5,3.1,17,14.3,211
101.322092026293,124,57.4,3.1,15.6,14.3,236
101.280080022864,121,55.2,3,16.6,13.7,228
101.182052014861,114,54.3,3.2,17,15.7,206
101.182052014861,114,51.5,3.1,18,15.4,188
101.070020005716,106,47.5,2.5,19.5,12.6,158
88.2826086956522,89,41.7,2.1,21.6,9.8,124
80.8260869565217,82,38.3,2,22.2,9.6,98
101.140040011432,111,42.8,3.2,20.3,16.3,160
101.434124035439,132,45.4,4.1,19.7,19.8,194
101.280080022864,121,47.5,3.9,18.8,18,174
101.210060017148,116,49.4,3.1,17.9,13.6,157
100,100,50.9,2,17.5,8.7,109
88.2826086956522,89,51.8,1.7,17.4,7.7,85
91.4782608695652,92,53.9,1.6,17,7.3,90
69.1086956521739,71,55.4,1,16.6,4.1,61
48.1132075471698,51,57,0.8,15.9,2.7,36
36.7924528301887,39,59.2,0.5,15,1.5,25
33.0188679245283,35,61.6,0.5,14.1,1.8,24
61.6521739130435,64,58.8,0.8,14.6,3.4,73
93.6086956521739,94,58.9,1.7,14.4,8.5,164
101.462132037725,134,55.2,4.5,15.3,24.1,329
101.392112032009,129,52.5,6.2,16.2,33.7,302
101.336096027436,125,46.3,4.4,18.4,22,256
101.084024006859,107,41.8,2.9,19.6,14.1,182
76.5652173913043,78,40.1,1.6,20.2,7.6,105
90.4130434782609,91,36.6,2.6,20.9,14.5,136
101.210060017148,116,34.7,2.9,20.4,13.6,167
101.420120034296,131,35.4,2.5,19.3,11.5,166
101.168048013718,113,36.9,1.9,18.6,9.2,115
97.8695652173913,98,36.8,1.9,18.8,10.3,109
101.210060017148,116,40.6,2.7,17.5,14,143
101.26607602172,120,44.3,3,16.8,15,159
101.35010002858,126,47.7,3.3,16.3,15.1,181
101.35010002858,126,50.7,3.2,15.6,14.8,178
89.3478260869565,90,49.4,1.8,15.7,8.5,91
79.7608695652174,81,48.6,1.3,15.8,5.9,76
72.304347826087,74,47,1.1,15.7,4.8,66
64.8478260869565,67,45.9,0.9,15.7,4,56
43.3962264150943,46,44.9,0.7,15.6,2.3,35
28.3018867924528,30,44.4,0.4,15.6,1.4,21
17.9245283018868,19,45.4,0.3,15.7,0.7,12
30.188679245283,32,50.1,0.3,15.3,0.8,22
58.4565217391304,61,58.6,0.8,14.2,3.6,55
101.140040011432,111,58.2,2.8,14.3,12.9,152
101.014004001143,102,52,3.1,15,15.7,153
101.210060017148,116,61.4,2.3,13.6,8.6,152
95.7391304347826,96,53.1,1.6,16.1,7.4,112
96.804347826087,97,44.3,1.5,16.6,6.6,119
101.126036010289,110,40.3,1.6,17.4,7.8,122
101.028008002286,103,42.2,1.8,18.1,9.1,115
77.6304347826087,79,51.8,1.4,14.4,6.1,84
101.04201200343,104,76.4,1.9,10.9,7.5,146
66.9782608695652,69,47.7,1.2,16.4,5.9,65
95.7391304347826,96,37.1,2.3,18,12.7,120
101.280080022864,121,48.7,3.3,14.7,13.5,185
101.392112032009,129,71.3,3.1,11.3,14.5,157
101.210060017148,116,74,3.3,10,11,174
69.1086956521739,71,71.8,1.2,9.8,3.2,62
84.0217391304348,85,75.2,1.3,9.3,4.3,81
101,101,76,1.9,9.6,7.1,118
96.804347826087,97,75,1.4,9.3,4.8,95
88.2826086956522,89,76.7,1.5,9,5.7,84
70.1739130434783,72,79.6,1.1,8.2,4.1,56
59.5217391304348,62,72.1,0.8,8.1,2.8,69
61.6521739130435,64,70.4,1.1,8.1,4.8,74
78.695652173913,80,70.5,2.6,8.1,13.8,161
101.238068019434,118,64.3,5.1,9.9,27.1,308
101.406116033152,130,54.2,4.2,13,19.1,300
101.168048013718,113,42.6,2.6,16.5,11.7,189
101.154044012575,112,34.2,2.4,19.3,12.7,164
95.7391304347826,96,27.4,2.1,21.5,11.3,122
101.336096027436,125,26.7,2.6,20.4,14.2,166
101.378108030866,128,22.6,2.8,20.6,13.9,181
101,101,24.8,2.5,20.6,13.2,127
94.6739130434783,95,25.4,1.9,21,10.7,106
101.518148042298,138,24.5,3.6,21.5,19.7,192
101.742212060589,154,28.6,4.6,19.3,24,241
101.980280080023,171,32.9,6.3,18,29.1,326
101.490140040011,136,39.8,4.3,15.8,15.8,232
92.5434782608696,93,41.5,1.6,15.3,7,92
98.9347826086957,99,46,1.4,14.1,6.3,95
94.6739130434783,95,67.9,2.3,12,8.4,157
77.6304347826087,79,66.9,1.3,12,5.4,83
76.5652173913043,78,70.1,1.7,11.5,6.9,118
73.3695652173913,75,69.8,1.7,11.4,6.4,101
49.0566037735849,52,70.3,0.8,10.8,3.3,46
52.0652173913044,55,73.4,1,10.2,4,81
62.7173913043478,65,70.5,1.4,10.8,6,112
70.1739130434783,72,71,1.7,11,8.2,150
74.4347826086957,76,64,2,12.4,9.9,138
82.9565217391304,84,53.1,2,15,8.8,124
89.3478260869565,90,44.4,1.9,16.6,8.4,124
88.2826086956522,89,38.4,2.1,18,7.5,115
86.1521739130435,87,30,1.8,20.6,7.8,101
87.2173913043478,88,26.7,1.5,19.9,6.4,90
79.7608695652174,81,23.1,1.3,19.8,5.1,90
88.2826086956522,89,22.7,1.4,21.4,6.9,89
90.4130434782609,91,21.3,1.5,22.1,6.8,92
101.04201200343,104,24.5,1.7,21.1,7.4,103
101.140040011432,111,31.6,2,18.3,8.7,122
101.392112032009,129,35,2.5,16.1,11.2,159
101.448128036582,133,41.5,2.4,14.8,10.5,172
101.196056016005,115,50.3,2,13.2,8.2,125
101.336096027436,125,55.5,2.9,12.3,11.6,187
101.224064018291,117,56.6,2.5,11.8,9.7,174
82.9565217391304,84,56.2,1.4,11.2,5.1,75
60.5869565217391,63,56.6,1.2,11,4,48
65.9130434782609,68,64.3,1,9.3,3.7,61
46.2264150943396,49,70.7,0.7,7.7,2.9,38
46.2264150943396,49,71,0.8,7.4,2.9,41
49.0566037735849,52,66.6,0.9,8.2,3,51
55.2608695652174,58,64.3,1.1,8.7,3.7,61
48.1132075471698,51,47.9,1,13,3.9,47
75.5,77,35.4,1.6,17.4,6.2,87
89.3478260869565,90,29.2,1.8,20.2,7.3,107
101.238068019434,118,22.9,2.6,22.7,9.2,161
68.0434782608696,70,22.4,1.1,22.3,4,61
33.0188679245283,35,18.9,0.6,22.2,2.3,26
43.3962264150943,46,19,0.9,22,3.1,42
55.2608695652174,58,23.6,1,21,3.2,55
58.4565217391304,61,27.4,1.2,19.6,3.3,65
78.695652173913,80,30.8,1.4,17.9,4,75
92.5434782608696,93,35.3,2,16.4,5.7,93
76.5652173913043,78,37.5,1.1,15.6,3.4,63
74.4347826086957,76,36.7,1.1,15.5,3.5,60
72.304347826087,74,39,1.1,14.5,2.9,63
79.7608695652174,81,38.2,1.1,14.2,3.1,66
55.2608695652174,58,38.3,0.7,13.7,1.6,41
56.3260869565217,59,34,0.6,14.1,1.1,42
51,54,34,0.7,14.6,2,36
23.5849056603774,25,30.9,0.3,13.9,0.7,16
24.5283018867925,26,37.9,0.3,13.5,0.5,16
46.2264150943396,49,43.6,0.4,13.9,0.7,33
50,53,50.1,0.5,13.5,0.9,39
54.195652173913,57,53.6,0.6,13.3,1.5,45
71.2391304347826,73,56,0.8,13.4,2.2,63
76.5652173913043,78,59.6,1,13,2.9,71
92.5434782608696,93,62.7,1.3,12.7,3.9,104
69.1086956521739,71,60.5,1.1,12.1,2.8,85
53.1304347826087,56,64.4,0.6,11.2,1.4,53
57.3913043478261,60,67.6,0.7,10.7,1.7,58
75.5,77,61.2,1.2,11.4,3.6,89
80.8260869565217,82,70.5,1.4,9.9,3.1,96
75.5,77,65.2,1.2,10.3,3.5,88
90.4130434782609,91,58.9,1.3,11,3.9,100
92.5434782608696,93,59.5,1.8,10.6,5.2,127
80.8260869565217,82,57.7,1.2,10.6,3.7,88
72.304347826087,74,56.1,0.8,10.6,2.7,66
65.9130434782609,68,58,0.8,10.3,2.6,61
62.7173913043478,65,58.4,0.8,10.4,2.4,54
55.2608695652174,58,58.2,0.7,10.7,2,46
33.9622641509434,36,59.9,0.5,10.5,1.3,25
27.3584905660377,29,60.8,0.3,10.5,1.2,18
26.4150943396226,28,60.1,0.3,11.1,0.9,21
65.9130434782609,68,68.4,0.7,10.1,3.1,76
98.9347826086957,99,68.7,1.6,10,6.9,149
101.406116033152,130,64.2,3.9,11,19.1,328
101.378108030866,128,58.1,4.5,12,22.1,282
101.26607602172,120,52,2.7,12.8,11.8,206
92.5434782608696,93,50.8,1.6,12.6,7.3,133
95.7391304347826,96,47.4,1.6,13.8,8,137
82.9565217391304,84,42.7,1.6,15.1,7.2,116
86.1521739130435,87,38.1,1.5,16.3,7.7,112
86.1521739130435,87,36.7,1.8,16.6,9.7,128
101.028008002286,103,40.5,2.1,15.8,9.8,145
87.2173913043478,88,41.8,1.7,16.3,7.7,110
101.238068019434,118,42.8,3,16.1,15.3,184
101.462132037725,134,46.8,4.6,15.3,21.5,243
101.602172049157,144,47,5,14.7,21.7,259
101.392112032009,129,49.6,3.5,14.1,14.6,205
101.098028008002,108,54.1,2.1,13.5,9.3,144
101.04201200343,104,59.2,2.1,12.3,9.4,152
89.3478260869565,90,62.2,1.5,11.6,6.8,108
72.304347826087,74,61.4,1.1,11.5,4.9,64
71.2391304347826,73,64.6,0.9,10.9,3.9,73
57.3913043478261,60,63.2,0.7,11.1,2.7,47
59.5217391304348,62,65.8,0.9,10.2,3.3,79
69.1086956521739,71,65.6,1.6,10.3,7.4,113
93.6086956521739,94,64,3.9,10.8,18.2,263
98.9347826086957,99,55.6,5,13.3,27.7,275
101.252072020577,119,46.8,4.3,15.8,18.3,263
101.028008002286,103,34.4,2.7,19.5,12.3,183
94.6739130434783,95,30.2,2.1,21.1,8.9,147
94.6739130434783,95,34.2,2.1,18.4,10.4,132
101.182052014861,114,53.4,3.9,13.5,19.1,309
101.364104029723,127,49.3,3.8,15,17.3,327
101.476136038868,135,42.1,3.8,17.1,17.5,299
101.476136038868,135,36.9,3.9,18.4,17,257
101.26607602172,120,35.4,3.5,19.3,17,195
101.392112032009,129,35.7,4,19.2,19.5,231
101.182052014861,114,30.4,3,21.5,14.8,170
101.392112032009,129,34.6,3.1,19.6,14,192
101.672192054873,149,35.5,5.2,19.6,24.4,251
101.672192054873,149,44.1,5.9,18.3,28.1,289
101.798228065161,158,47.8,7.3,17.4,33.7,351
101.65818805373,148,49.8,6.1,16.8,24.2,319
101.462132037725,134,53.2,4.6,16.2,19.8,264
101.140040011432,111,59.1,2.5,14.9,9.3,144
101.070020005716,106,64,2.2,13.9,7.3,119
101.098028008002,108,66.8,2,13.7,7.1,120
92.5434782608696,93,69.6,1.9,13.4,6.7,96
81.8913043478261,83,71.9,1.6,12.8,6,77
66.9782608695652,69,74.8,1,11.9,3.6,63
75.5,77,76.4,1.2,11.6,5.4,97
86.1521739130435,87,75.3,2,11.7,10,180
101.112032009145,109,71,4.5,12.8,23.2,352
101.210060017148,116,61.1,4.1,13.8,18.7,279
101.056016004573,105,51.4,2.6,15.3,9.9,186
101.070020005716,106,48.7,2.3,16.6,10.2,169
101.098028008002,108,46.7,2.6,17.6,11,172
100,100,42.7,2.4,19.2,10.5,127
101.672192054873,149,62.5,4.3,15.7,18.9,230
101.65818805373,148,75.7,4.6,14.5,18.9,280
101.35010002858,126,77.4,4,14.4,17.5,242
101.546156044584,140,74.9,4.7,14.6,17.7,250
101.574164046871,142,76,5.7,14.6,23,309
101.560160045727,141,76.3,5.2,14,20.4,270
101.672192054873,149,78,6.4,13.9,26.8,323
101.546156044584,140,78,6,13.8,19.9,307
101.224064018291,117,79.4,3.4,13.5,12.5,224
101.028008002286,103,80.1,2.7,13.1,9.6,166
98.9347826086957,99,81,3.1,12.8,10,171
100,100,80.6,2.6,12.7,8.1,169
87.2173913043478,88,81.8,2.2,12.5,7.1,120
81.8913043478261,83,81.2,1.9,12.7,6.4,103
56.3260869565217,59,52.2,0.6,14.2,2.9,59
64.8478260869565,67,55.4,0.8,14.3,4.9,72
94.6739130434783,95,58,4,14,22.6,244
101.30808802515,123,53.3,5.6,15.4,31.1,351
101.574164046871,142,42.1,5,19.1,22.1,358
101.574164046871,142,31,3.2,23.7,18.3,245
101.952272077736,169,25.7,3.8,26.9,22,240
101.574164046871,142,20.6,3.3,29.7,20.1,179
101.490140040011,136,21.5,3,29.2,18.9,160
101.644184052586,147,20.1,3.2,29.6,20.6,174
102.330380108602,196,19.4,4.4,30,25.3,260
102.190340097171,186,20.1,4.6,29.5,25.8,281
102.064304086882,177,26.8,5.2,27,30.6,284
101.882252072021,164,30.8,4.8,24.9,27.1,250
101.840240068591,161,36.7,5.6,23.1,32.5,281
101.630180051443,146,40.8,4.6,21.5,20.8,230
97.8695652173913,98,41.5,1.8,20.5,10.9,98
101.098028008002,108,44.9,2.2,19.2,13,121
101.084024006859,107,47.7,2,18.8,11.8,110
101.168048013718,113,49.7,2.8,18.2,13.4,161
100,100,57.4,2.6,16.1,13.4,148
86.1521739130435,87,55.3,1.8,16.3,9,109
62.7173913043478,65,57.7,0.7,14.8,3.7,71
61.6521739130435,64,59.7,0.9,14,5.7,75
71.2391304347826,73,56.8,1.5,14.6,10,106
85.0869565217391,86,51.9,2.5,16.7,15,166
101.056016004573,105,45,3,20,15.6,188
101.084024006859,107,33.7,2.6,23.9,12.3,161
101.182052014861,114,29.5,2.6,26.8,14.4,139
101.056016004573,105,32.4,2.6,27.2,14.6,134
72.304347826087,74,32.1,1.9,26.9,8.7,84
94.6739130434783,95,41.8,2,24.3,11,98
88.2826086956522,89,36,1.7,25.6,9,91
94.6739130434783,95,31.8,1.9,27,10.7,99
92.5434782608696,93,31.6,1.8,27.5,9.9,90
101.30808802515,123,38.1,2.8,24.9,15.7,147
101.462132037725,134,39.7,3.5,23.4,19.4,177
101.35010002858,126,50.8,3.4,21.2,16.8,162
77.6304347826087,79,73.5,2,15.6,6.8,88
51,54,79.7,1.1,12.9,3,53
66.9782608695652,69,76.9,1.3,11.5,3.2,68
64.8478260869565,67,66.8,1.2,12.2,3.1,61
71.2391304347826,73,64.1,1.3,12.4,3.9,71
71.2391304347826,73,58.7,1,12.7,3.6,63
18.8679245283019,20,50.9,0.3,12.5,0.7,14
34.9056603773585,37,49.3,0.5,12.8,1.1,34
47.1698113207547,50,48.6,0.6,13.5,1.4,42
42.4528301886792,45,45.9,0.6,14.4,1.6,40
45.2830188679245,48,43.9,0.8,15.1,2.3,48
53.1304347826087,56,38.6,1,16.6,2.5,61
55.2608695652174,58,35,0.9,17.2,2.7,58
49.0566037735849,52,33.9,1,17.4,2.7,57
49.0566037735849,52,30.7,0.8,17.9,2.2,54
41.5094339622642,44,27.2,0.7,18.3,2,41
56.3260869565217,59,25.7,0.9,19.4,3.4,57
72.304347826087,74,24.1,1.3,20.2,4.5,83
74.4347826086957,76,24.9,1.4,19.6,4.7,81
81.8913043478261,83,27.8,1.5,18.5,6,98
100,100,30.3,2.7,17.8,11.7,124
101,101,34,2.5,16.6,8.2,133
89.3478260869565,90,37,1.4,15.5,5.1,100
92.5434782608696,93,39.5,2.8,14.8,13,116
77.6304347826087,79,42,2.1,14.5,7,102
54.195652173913,57,44.9,1.1,14.1,3.9,55
40.5660377358491,43,45.5,0.7,14.2,2.2,33
23.5849056603774,25,45.3,0.4,14.1,1.3,17
41.5094339622642,44,43.9,0.4,13.9,1.2,35
70.1739130434783,72,43.8,0.8,14,3.4,70
90.4130434782609,91,43.6,1.9,14.4,7.5,116
88.2826086956522,89,41.7,2.1,15,8.9,134
82.9565217391304,84,38.4,1.4,16.3,5.3,113
81.8913043478261,83,32.3,1.4,18.3,5.4,110
76.5652173913043,78,31.7,1.3,18.8,5.2,98
78.695652173913,80,30.9,1.5,19.6,6.6,96
73.3695652173913,75,30.7,1.6,20.2,6.9,95
75.5,77,32.5,1.3,19.7,5.4,86
75.5,77,31.6,1.4,20.7,6,86
79.7608695652174,81,32.7,1.5,20,6.4,91
101,101,35.4,2.2,18.6,10.7,119
101.252072020577,119,35.9,3.2,18.3,13.9,147
101.140040011432,111,37.5,3,17.8,12.5,135
101.112032009145,109,38.8,2.6,17.3,9.3,124
101,101,38.8,1.6,17.3,6.7,89
88.2826086956522,89,40.8,1.5,16.4,5.3,79
73.3695652173913,75,41.4,1.2,16,4,63
48.1132075471698,51,43,0.8,15.4,2.2,39
36.7924528301887,39,42.5,0.7,15.7,1.7,25
30.188679245283,32,43.4,0.5,15.6,1.6,19
65.9130434782609,68,47.3,0.7,15.5,3.3,58
74.4347826086957,76,53.1,1.4,14.4,8.9,112
101.294084024007,122,48.5,4.1,15.9,23.4,314
101.392112032009,129,40.3,4.6,18.1,23.8,240
93.6086956521739,94,35.9,1.9,19.6,7.9,128
98.9347826086957,99,29.1,1.9,22.8,8.2,141
79.7608695652174,81,25.3,1.7,24.8,8.8,118
86.1521739130435,87,22,2.4,27.2,14.6,132
101.084024006859,107,20.4,3,28.2,18,150
94.6739130434783,95,24.2,2,25.4,12,121
101.126036010289,110,23.8,2.7,25.7,14.8,149
98.9347826086957,99,22.1,2.2,27.2,12.5,120
101.168048013718,113,22.3,2.9,27,15.5,155
101.364104029723,127,27.8,3.4,24.5,17.7,172
101.420120034296,131,30.2,3.9,23.7,21.6,177
101.504144041155,137,34.5,3.6,21.5,18.9,181
101.294084024007,122,37.8,2.5,19.9,12.5,135
100,100,40.6,1.8,18.9,8.8,99
101.098028008002,108,43.5,2,17.9,10.9,111
81.8913043478261,83,46.3,1.3,17.4,8,72
72.304347826087,74,44.7,1,18.1,4.4,54
61.6521739130435,64,50.1,0.6,16.5,2.8,41
36.7924528301887,39,52.8,0.5,16.3,2.5,29
66.9782608695652,69,60.7,1.1,13.9,7.5,76
101.04201200343,104,58.3,5.5,15,30.4,321
100,100,54.8,4.2,16.1,22,274
101.630180051443,146,46.4,4.6,19.3,24.7,322
101.756216061732,155,33.8,3.4,24.2,18.4,255
101.532152043441,139,28.7,2.8,26.7,16.8,196
101.280080022864,121,28.2,2.5,27.4,14.2,136
101.098028008002,108,26.9,2.4,28.1,15.7,119
101.35010002858,126,26.5,3.2,27.7,21.9,169
101.6161760503,145,23.4,3.5,28.4,20.8,197
101.280080022864,121,26,2.9,28.4,16.2,140
101.6161760503,145,30,3.6,27.3,19.8,178
101.826236067448,160,37.3,4.8,24.3,28.9,223
101.756216061732,155,42.2,5.4,23.1,28.3,222
101.854244069734,162,43.6,5.3,21.8,24.9,265
101.392112032009,129,46.8,2.7,19.8,13.1,151
95.7391304347826,96,49.8,1.4,19.6,8.6,79
91.4782608695652,92,56.2,1.6,17.9,9.5,87
88.2826086956522,89,55.6,1.5,17.4,7.8,88
58.4565217391304,61,59.5,1,16.8,5.2,51
51,54,60.1,0.6,15.9,2.8,34
54.195652173913,57,67,0.8,13.3,4.4,76
65.9130434782609,68,66.5,1.5,12.9,9.4,139
94.6739130434783,95,61.3,4.9,14.8,29.8,293
101.336096027436,125,56.5,7.2,16.1,36.2,368
101.476136038868,135,47.8,3.5,18.6,18,250
101.238068019434,118,30.2,2.1,23.8,10.9,145
90.4130434782609,91,25,1.5,25.4,9,110
88.2826086956522,89,25.5,2,25.6,14.4,104
101.392112032009,129,29.9,3.8,24.9,22.3,205
101.294084024007,122,37.9,3.4,22.4,20.9,201
101.518148042298,138,44,4.4,21.7,23.1,266
101.490140040011,136,44.4,3.9,21.4,21.2,246
101.588168048014,143,45.3,4.9,20.8,24.8,247
101.6161760503,145,48.6,5.4,20.2,28.6,271
101.630180051443,146,50.8,6.5,20.2,32.6,332
101.294084024007,122,57.6,4.3,18.6,19.2,245
101.154044012575,112,58.8,2.9,18.2,16.3,180
101.014004001143,102,61,2.7,17.8,13.7,156
96.804347826087,97,70.7,2.8,17,13.6,172
84.0217391304348,85,76.9,2.3,16.2,11.1,137
74.4347826086957,76,78.6,1.7,15.7,7.6,91
72.304347826087,74,78.4,1.2,15.7,5.9,80
63.7826086956522,66,74.7,0.8,15.7,4.5,68
89.3478260869565,90,73.1,1.7,15.9,9.3,162
101.140040011432,111,68.2,3,16.6,18.3,213
101.028008002286,103,57.6,3.4,18.7,19.9,161
101.224064018291,117,65,3.3,17.6,16.6,209
101.210060017148,116,73.2,2.7,16.3,12.6,191
101.112032009145,109,78.5,2.6,16,12.9,215
101.210060017148,116,72.4,3.2,17.3,14.9,212
101.196056016005,115,60.9,3.4,19.4,17.4,202
93.6086956521739,94,50.9,2.6,21.4,15.4,153
101.280080022864,121,45.8,3.4,22.7,16.7,185
101.182052014861,114,60.8,4,20.9,18,210
101.126036010289,110,54.3,4.5,21,19.2,215
101.294084024007,122,54.4,4.2,20.8,21,215
101.476136038868,135,58.6,5.7,19.8,26.9,281
101.448128036582,133,61.1,4.4,19.1,19.5,254
101.126036010289,110,65.4,3.1,18.2,15.1,189
101.014004001143,102,66.1,3,18.1,14.6,174
101.098028008002,108,66.9,3.1,17.7,13.7,167
101.126036010289,110,66.8,3.5,17.8,15.2,185
82.9565217391304,84,68.3,2.4,17.3,9.3,129
69.1086956521739,71,70.2,1.6,16.5,6.5,85
30.188679245283,32,67.1,0.6,16.7,2.6,24
33.0188679245283,35,66.9,0.7,16.7,3.1,30
64.8478260869565,67,66.5,1.2,16.9,6.5,75
71.2391304347826,73,62,1.5,17.7,6.5,79
85.0869565217391,86,54.6,1.8,19.4,8.8,104
88.2826086956522,89,46.1,2.1,21.6,8.8,118
85.0869565217391,86,36.7,1.9,24.6,9.2,105
85.0869565217391,86,31.9,2,26,9.2,101
63.7826086956522,66,31.5,1.3,25.6,6.1,65
65.9130434782609,68,34.8,1.3,24.8,6.5,59
80.8260869565217,82,30.3,1.8,26.1,9.2,80
90.4130434782609,91,33.5,2,25.5,8.3,98
94.6739130434783,95,37.2,1.8,23.7,8.3,89
101.04201200343,104,38.9,2.4,22.3,11,114
101.420120034296,131,42.8,4,20.7,14.7,195
101.154044012575,112,51.7,2.8,19,10.8,156
100,100,55.5,2,17.8,9.4,109
101.196056016005,115,57.6,3.6,17.4,14.8,184
101.392112032009,129,58.5,3.7,17.6,13.3,190
98.9347826086957,99,59.3,2.3,17.2,8.4,105
72.304347826087,74,60.4,1.8,17.1,7.9,76
52.0652173913044,55,62.2,0.9,16.4,5.5,38
34.9056603773585,37,65.2,0.6,14.7,2.6,33
42.4528301886792,45,70.2,0.7,13.1,3.6,57
43.3962264150943,46,66.2,0.8,14.3,4.8,48
65.9130434782609,68,61.6,1.2,16,5.9,87
75.5,77,56.4,1.4,17.7,6.9,94
77.6304347826087,79,44.7,1.6,21.3,8.5,89
70.1739130434783,72,36.4,1.3,23.6,6.1,78
65.9130434782609,68,34,1.3,24.3,6.2,72
61.6521739130435,64,32.7,1.1,24.4,4.8,64
71.2391304347826,73,31.7,1.2,24.6,6.8,70
82.9565217391304,84,34.3,1.5,23.9,7,92
64.8478260869565,67,28.1,1.1,25.9,5.5,69
101.070020005716,106,32.3,1.9,24.5,9.5,131
101.182052014861,114,39.3,2.3,22.6,11.9,144
101.30808802515,123,47.5,3.3,21.2,13.8,209
101.098028008002,108,54.9,2.6,19.9,10.7,170
100,100,52.1,2.2,19.4,9.7,152
101.238068019434,118,42.6,2.3,19.4,10.2,171
101.280080022864,121,44.1,2,19.1,8.3,153
93.6086956521739,94,49.3,1.6,18,7.1,97
49.0566037735849,52,54.6,0.8,17.6,3,37
36.7924528301887,39,62.1,0.6,16.4,2.2,26
54.195652173913,57,64.3,0.7,15.8,3.7,61
78.695652173913,80,65.8,1.3,16,8.2,152
101,101,62.5,3.4,16.8,21.1,283
101.112032009145,109,66.1,4.7,16.9,26.5,320
101.112032009145,109,68.9,3.4,17.4,17.4,318
101.140040011432,111,45,2.5,21.4,12.9,201
101.014004001143,102,30.7,2,23.9,10.9,135
95.7391304347826,96,25.2,1.9,26.8,11,127
89.3478260869565,90,23.6,1.7,28.4,10.8,102
66.9782608695652,69,20.1,1.4,30.3,10,74
72.304347826087,74,19.7,1.5,30.9,11.2,81
101.014004001143,102,20.5,2.4,30.2,16.8,129
101.378108030866,128,34.6,3.9,26.4,23.6,190
101.406116033152,130,39.4,4.2,24.9,23.3,192
101.26607602172,120,43.7,3.7,23.5,19.4,163
101.168048013718,113,63.1,3.2,19.3,13.1,149
100,100,64.6,2,18.7,9.8,119
68.0434782608696,70,57.1,1.1,19.5,5.3,61
81.8913043478261,83,62.5,1.5,18.9,6.7,84
79.7608695652174,81,65.8,1.3,18.4,5.5,79
66.9782608695652,69,79.2,1,16.4,3.7,58
45.2830188679245,48,80,0.6,16.1,2.2,32
44.3396226415094,47,80.5,0.6,15.7,2.9,49
87.2173913043478,88,80.8,1.9,16,9.9,180
101.112032009145,109,78,4.5,16.6,23,302
101.168048013718,113,79.2,4.3,16.1,22.3,258
101.04201200343,104,70.8,3.2,17.7,16.2,192
62.7173913043478,65,54.8,1.3,20.3,7.9,84
86.1521739130435,87,49.3,2.2,21.2,12.4,128
98.9347826086957,99,47.9,2.6,21.5,13.6,145
100,100,47.7,2.3,21.4,12.3,132
101.056016004573,105,54,2.4,20.4,12.1,136
96.804347826087,97,57.1,2.6,19.9,12.9,140
51,54,55.2,1.2,19.9,6.3,55
56.3260869565217,59,55.7,1.6,19.5,10.6,67
101.112032009145,109,62.8,3.9,18.3,20.6,191
101.336096027436,125,68.3,4.7,17.2,22.1,227
101.434124035439,132,75.2,5.4,16.1,20.8,264
101.126036010289,110,70.8,3,16.6,11.8,196
50,53,56,0.9,18.5,4.3,43
58.4565217391304,61,59.5,1.1,17.3,5,58
38.6792452830189,41,52.3,0.7,18.6,2.3,33
20.7547169811321,22,49.8,0.5,19,1.4,14
26.4150943396226,28,64.5,0.5,15.7,1.5,18
51,54,77.1,0.8,14.6,3.5,56
79.7608695652174,81,78.3,1.3,14.5,6.9,108
101.084024006859,107,76.8,3.5,15.1,19.1,251
101.322092026293,124,72.4,3.9,16.4,18.9,255
101.30808802515,123,68.6,2.9,16.3,13,214
101.26607602172,120,62.9,2.6,17.2,13,190
101.168048013718,113,61.1,3,17.4,14.5,182
101.182052014861,114,66.8,3.7,16.8,19.7,202
101.26607602172,120,62.6,3.9,17.3,19.4,224
101.336096027436,125,60.8,3.5,17.5,16.4,221
87.2173913043478,88,59.2,2.4,17.5,11.2,126
70.1739130434783,72,56.9,1.6,17.7,10,79
101.028008002286,103,61.5,3,17.1,14.6,137
64.8478260869565,67,63.9,1.6,17.5,8.5,68
77.6304347826087,79,70.7,2.1,15.9,9.2,96
88.2826086956522,89,75.1,1.8,15.1,6.9,111
64.8478260869565,67,72.5,1.1,13.9,3.7,56
81.8913043478261,83,79.8,1.5,12,4.9,81
74.4347826086957,76,75.8,1.4,12.5,4.6,79
55.2608695652174,58,75,0.9,12,3.4,46
28.3018867924528,30,72.2,0.5,12.6,1.2,19
47.1698113207547,50,64.6,0.6,13.2,2.3,48
91.4782608695652,92,65.6,1.3,13.1,6.1,128
101,101,58.5,2.9,14.7,16.8,193
101.280080022864,121,53.1,3.6,15.9,20.3,203
101.406116033152,130,46.1,3.4,17.9,16.4,220
101.182052014861,114,37.7,2.5,20.2,12.5,161
100,100,42.8,2.1,18.5,9.8,135
53.1304347826087,56,64.3,1.1,13,5.2,57
73.3695652173913,75,54.5,1.8,15.1,8.9,91
101.280080022864,121,65.5,3,13.6,14.1,219
101.378108030866,128,78.3,3.1,12.3,12.7,239
101.532152043441,139,74.2,3.6,12.7,14.6,209
101.294084024007,122,64.2,3.3,14.4,12.4,169
91.4782608695652,92,58.3,1.8,15.6,9.4,92
96.804347826087,97,61.4,2.1,15,11,107
97.8695652173913,98,65.8,2.2,13.7,8.9,122
92.5434782608696,93,66.4,1.6,12.3,6.6,100
62.7173913043478,65,58.8,0.9,15.4,3.9,51
79.7608695652174,81,64.9,1.8,14.1,7.3,93
101.014004001143,102,64.7,2.3,13.8,8.2,145
90.4130434782609,91,67.8,2,13.5,7.5,106
53.1304347826087,56,69.4,0.9,13.7,3.3,46
45.2830188679245,48,61.1,0.7,14.6,2.8,51
70.1739130434783,72,60.5,1.5,14.3,7.5,89
101.070020005716,106,56.9,3.7,14.9,19.8,214
101.084024006859,107,50.2,4.2,16.4,22.1,196
101.364104029723,127,50.9,3.4,16,15,224
101.182052014861,114,42.8,2.4,18.6,9.3,174
101,101,33.7,1.3,19.7,6.3,90
94.6739130434783,95,27.7,1.5,21.2,8.2,89
101.126036010289,110,28.5,2.2,19.7,10.9,132
101,101,29.7,1.8,19.8,9.3,114
101.070020005716,106,35.6,1.9,19.2,8.4,107
101.210060017148,116,60.5,2.3,14.2,9.4,140
101.322092026293,124,69.1,3.6,12.9,17.9,187
101.448128036582,133,70.4,4.3,12.7,17.4,222
95.7391304347826,96,62.7,2.2,13.9,10.5,117
84.0217391304348,85,62.9,1.5,13.9,7.5,89
96.804347826087,97,65.2,2,13.4,8,130
96.804347826087,97,64.6,2,13.4,7.7,133
101,101,63.6,2.1,13.3,7.3,144
84.0217391304348,85,61.8,1.5,13.3,6.4,99
78.695652173913,80,59.7,2.2,13.6,5.6,102
31.1320754716981,33,53.3,0.5,14.6,1.5,27
101.224064018291,117,51.1,4.4,17.8,20.2,257
101.084024006859,107,45,2.5,20,13.4,178
94.6739130434783,95,44.1,2.1,20.3,11.7,145
92.5434782608696,93,42.4,2.4,20.7,13.4,137
101.04201200343,104,40.6,2.2,20.8,12.9,139
101.014004001143,102,39.7,2.2,21.5,13.4,130
101.112032009145,109,30.1,2.3,25,13.7,148
96.804347826087,97,29.7,2.1,25.2,14.2,120
101.04201200343,104,32,2.5,23.4,17.8,132
101.322092026293,124,37.8,3.6,21,22,188
101.476136038868,135,45.7,4,19.2,24.4,204
101.294084024007,122,50.9,3,17.7,16.3,167
101.112032009145,109,53.6,2.1,16.8,12.4,128
94.6739130434783,95,56.2,1.7,15.8,9.6,106
85.0869565217391,86,56.5,1.1,16,6.4,88
76.5652173913043,78,64.1,0.9,14.2,6,77
50,53,59.8,0.4,15,2.8,36
40.5660377358491,43,61.9,0.2,14.3,1.6,28
45.2830188679245,48,68,0.6,12,3.6,55
61.6521739130435,64,70.4,1.4,11.3,8.4,135
94.6739130434783,95,65.6,4.6,12.7,27.5,327
101.26607602172,120,59.8,5.5,14.5,31,383
101.728208059446,153,49.8,4.8,17.5,26,366
101.868248070877,163,35.2,4.5,21.9,22.6,322
101.252072020577,119,29.5,3,23.5,18.3,188
95.7391304347826,96,29.8,2.5,24.3,13.9,144
93.6086956521739,94,31.7,2.3,23.8,14.4,132
85.0869565217391,86,31.2,2,24.2,11.6,117
90.4130434782609,91,27.2,1.9,26.5,12.2,121
96.804347826087,97,28.4,1.9,25.7,12.4,124
101.336096027436,125,27.5,3.5,26.3,21.1,188
101.546156044584,140,31.6,4.6,24.4,29.9,226
101.798228065161,158,35.3,6.3,23.1,34.3,266
101.812232066305,159,40.2,5,21.1,26.1,269
101.378108030866,128,52.3,3.3,19.2,18.1,183
101.182052014861,114,58.7,2.7,18.1,14.2,167
100,100,58.8,2.2,17.3,12.4,138
87.2173913043478,88,58.8,1.7,16.9,8.7,105
64.8478260869565,67,57.6,0.8,17.6,5.2,54
62.7173913043478,65,63.9,0.8,15.6,4.6,58
54.195652173913,57,68.3,0.8,14,4.7,84
71.2391304347826,73,65.7,1.5,14.5,9.6,134
94.6739130434783,95,62.2,4.1,15.5,23.6,279
101.126036010289,110,56.8,5.9,17,37.4,333
101.280080022864,121,52.4,5.1,18.8,26.6,336
101.098028008002,108,51.9,3.9,19.7,22,280
101.336096027436,125,44.6,3.4,20.9,17.9,275
101.224064018291,117,43.3,3.3,21.9,22.7,207
101.420120034296,131,55.7,5.1,20.4,29.3,305
101.35010002858,126,67,3.1,17.4,14.7,236
101.182052014861,114,64,2.5,17.1,12.6,183
101.30808802515,123,61.1,2.4,17.3,12.7,162
101.210060017148,116,56.3,2.8,17.7,13,157
101.084024006859,107,48.6,2.9,17.4,13.4,136
101.30808802515,123,43.7,3.4,17.6,14.8,166
101.154044012575,112,47.2,2.2,16.7,9.4,136
101,101,45.6,1.6,16.8,6.9,112
90.4130434782609,91,52,1.3,16.1,5.2,87
87.2173913043478,88,57.1,1.3,15.5,5.7,86
95.7391304347826,96,50.2,1.6,16.2,6.5,98
73.3695652173913,75,50.5,1.2,16.4,4.7,62
44.3396226415094,47,52.8,0.6,16.2,2.5,32
46.2264150943396,49,53.7,0.4,16.2,1.7,41
84.0217391304348,85,55.3,1,15.9,4.5,86
101.070020005716,106,55.6,2,16.2,9.4,174
101.490140040011,136,59.3,3.6,16,17.9,264
101.252072020577,119,55.6,2.4,16.6,10.6,211
101.294084024007,122,51.8,2.4,17.4,11,208
89.3478260869565,90,49.7,1.6,17.6,7.2,139
96.804347826087,97,52.8,1.9,17.2,8.7,138
97.8695652173913,98,49.6,2.4,18.2,11.1,142
92.5434782608696,93,45,1.7,19.5,7.9,131
97.8695652173913,98,45.5,2.1,19.5,9.8,132
101.30808802515,123,44.3,3.1,19.8,16.4,178
101.65818805373,148,43.1,4.6,20.3,22.6,228
101.65818805373,148,44.4,4.5,20.3,20.2,232
101.448128036582,133,47.9,3.9,19.8,21.7,204
101.560160045727,141,52.3,4.6,19.1,21.2,250
101.420120034296,131,54.7,3.3,18.2,15.9,208
101.280080022864,121,55,2.7,17.8,12,158
101.30808802515,123,56.4,3.3,17.5,17.4,197
101.084024006859,107,57.8,2.5,17.3,15,152
101.04201200343,104,57.5,2.1,16.8,11.1,112
90.4130434782609,91,57,1.3,16.3,6.9,75
101.014004001143,102,58.3,1.2,16,6.5,116
94.6739130434783,95,52.3,1.5,17.2,8.4,118
101.546156044584,140,49.4,3.7,18.5,22.8,272
101.518148042298,138,37.9,3.3,21,13.6,258
101.168048013718,113,32.4,2.5,22.8,11.1,186
101,101,25.6,1.9,25.5,10,130
96.804347826087,97,23.6,2,25.9,10.5,134
101.182052014861,114,20.8,2.5,27.7,13,148
101.126036010289,110,21.6,2.1,27.1,12.5,147
101.028008002286,103,20.2,2.1,28.4,11.4,123
101.252072020577,119,21.9,2.3,28.1,13.1,138
101.35010002858,126,22.3,3,27.6,14.9,162
101.602172049157,144,24.3,4.1,25.2,19.1,214
101.882252072021,164,25.1,4.5,24.6,21.8,230
101.65818805373,148,27.2,3.5,23.1,16.1,191
101.252072020577,119,28.6,2.1,22,11.6,128
101.140040011432,111,34.5,2.3,20.8,12.4,138
101.196056016005,115,35.3,1.9,20.4,10.4,126
101.028008002286,103,38.3,1.9,19.1,9.7,107
79.7608695652174,81,40.5,1.2,18,5.7,67
69.1086956521739,71,43.4,1,17.4,5.4,55
41.5094339622642,44,46.9,0.5,15.7,2.8,33
46.2264150943396,49,49.7,0.6,15.3,3.9,41
65.9130434782609,68,47.4,1.4,16,9.1,106
101.098028008002,108,43.3,2.6,17.6,13.6,208
101.224064018291,117,37.4,2.8,20.3,15.8,193
101.364104029723,127,30.3,2.6,23.1,12.7,191
92.5434782608696,93,24.2,1.6,25,8.6,113
93.6086956521739,94,23.5,1.7,25.6,9.4,111
86.1521739130435,87,22.6,1.7,25.5,9.2,106
73.3695652173913,75,21.1,1.3,26.1,6.4,82
79.7608695652174,81,19.4,1.4,28.2,8.3,79
85.0869565217391,86,20.5,1.4,27.4,8.1,90
96.804347826087,97,22.7,1.7,26,8.5,104
101.224064018291,117,27.1,2.3,23.8,11,148
101.26607602172,120,28.7,2.5,23,12.1,158
101.672192054873,149,31.8,3.3,21.7,15,234
101.322092026293,124,33.2,2.2,20.9,10.2,163
96.804347826087,97,34.3,1.6,20.2,9.9,95
101.154044012575,112,37,2.6,19.6,12,146
94.6739130434783,95,40.9,2.3,18.1,10.5,102
87.2173913043478,88,43.3,1.5,17,7.1,90
51,54,43.4,0.9,16.7,4.6,41
42.4528301886792,45,50.1,0.4,13.5,2.2,32
44.3396226415094,47,49.9,0.4,14.2,2,34
55.2608695652174,58,51.4,0.8,13.8,4.2,57
66.9782608695652,69,45.1,0.9,16.3,5.2,73
88.2826086956522,89,35.4,1.6,19.2,8.2,119
101.056016004573,105,21.1,2,25.5,9.8,138
91.4782608695652,92,19,1.6,28.2,7.9,96
80.8260869565217,82,19.8,1.4,29.5,7.7,80
53.1304347826087,56,19.4,0.9,30.6,4.8,45
57.3913043478261,60,22,0.9,29.9,5.3,45
61.6521739130435,64,21.9,1.2,31.5,7.1,54
84.0217391304348,85,24.6,1.4,31.2,9.2,66
101.084024006859,107,26.5,1.9,30.4,10.1,95
101.070020005716,106,33.5,1.8,26.8,9.9,99
101.336096027436,125,37.4,2.7,25.5,15.1,147
101.238068019434,118,39.4,2.4,23.7,10.6,129
94.6739130434783,95,37,1.6,22.9,7,96
96.804347826087,97,36.3,1.4,20.8,5.9,92
92.5434782608696,93,28.5,1.4,20.3,5.6,88
84.0217391304348,85,26.5,1.4,19.6,5.4,89
64.8478260869565,67,25.9,0.9,19.1,3.7,52
34.9056603773585,37,27.6,0.5,18.4,1.8,25
73.3695652173913,75,36.5,0.5,15.8,3.5,65
101.014004001143,102,38.1,1.3,16,7,132
101.168048013718,113,35,2.6,17.6,14.4,216
101.574164046871,142,31.2,2,18.5,8.9,180
89.3478260869565,90,28.5,1.8,19.8,8.6,140
93.6086956521739,94,24.1,1.7,22.3,8.5,141
91.4782608695652,92,21.7,1.5,24.2,8.3,123
96.804347826087,97,20.8,1.9,25.1,10.1,129
87.2173913043478,88,19.5,1.7,25.8,9.1,115
85.0869565217391,86,18.9,1.5,26.3,8.5,104
98.9347826086957,99,18.6,1.7,25.8,7.7,129
94.6739130434783,95,19.4,1.7,25.7,9,138
101.056016004573,105,17.1,2.4,26.7,13.4,135
101.280080022864,121,19.8,3.1,24.3,15.6,163
101.336096027436,125,20.8,3.4,23.5,17.8,180
101.294084024007,122,24,3,22,12.7,170
79.7608695652174,81,26.2,1.2,21.1,6.4,72
71.2391304347826,73,28.8,1.2,20.9,7.1,69
78.695652173913,80,31.2,1.3,20.2,7.4,79
62.7173913043478,65,31.5,1,20,5.2,53
56.3260869565217,59,32.3,0.4,20.8,2.4,36
47.1698113207547,50,34.5,0.3,20,2,30
34.9056603773585,37,44.6,0.5,17,3.1,38
51,54,45.3,0.9,17.1,6.3,68
93.6086956521739,94,46.5,2.7,17.1,19.3,192
101.532152043441,139,39.7,6.5,18.8,38.9,346
101.196056016005,115,38.1,3.2,20.3,14.6,225
101.252072020577,119,27,2.4,25.3,12.3,199
101.028008002286,103,22.8,1.9,27.4,11,140
101.30808802515,123,20,2.7,30,15.4,162
101.35010002858,126,19.1,2.9,30.9,17,173
101.070020005716,106,20.2,2,30.6,12.5,121
101.364104029723,127,18.9,2.3,32.2,13.8,133
101.056016004573,105,19.5,1.9,31.7,10.1,96
101.406116033152,130,20.5,3,30.9,19.3,141
101.826236067448,160,24.7,4.4,27.5,22.7,221
101.854244069734,162,27,4.7,25.8,25.5,232
101.476136038868,135,30,3.4,23.7,15.8,174
101.294084024007,122,33.4,2.4,22.2,12.3,138
73.3695652173913,75,36.5,1.2,21.1,8.7,65
95.7391304347826,96,38.6,1.7,20.2,8.3,107
82.9565217391304,84,43,1.2,19.3,7.7,70
65.9130434782609,68,43.6,0.7,19.2,4.2,44
62.7173913043478,65,45.7,0.5,18.4,3,41
43.3962264150943,46,49.2,0.3,17,2.2,32
51,54,52.1,0.7,16.4,5.7,46
93.6086956521739,94,53.4,3.1,16.4,20.9,173
101.756216061732,155,46.8,6.2,18.6,36.7,320
101.896256073164,165,41.1,4.6,21,22,294
101.462132037725,134,28.9,2.6,26.4,13.4,182
101.294084024007,122,26.3,2.1,27.7,11.5,154
101.168048013718,113,22.1,2,30.1,13.4,118
101.196056016005,115,22.9,2.2,31,15.2,116
101.238068019434,118,22.6,2.1,31,13,121
101.336096027436,125,21,2.3,31.6,14,116
101.476136038868,135,24.7,2.5,30.4,15.5,144
101.672192054873,149,26.3,3.4,28.8,19.3,176
101.854244069734,162,30.1,4.3,26.4,21.9,214
101.700200057159,151,31.5,3.8,24.7,21.1,191
101.742212060589,154,36.5,3.8,22.9,18.4,205
101.238068019434,118,41.8,2,20.8,9.3,110
101.028008002286,103,47.1,1.7,19.7,9,95
101.294084024007,122,52.2,2,18.9,9.6,126
101.014004001143,102,50.1,1.5,18.5,8.2,90
71.2391304347826,73,53,0.8,18,5.8,48
56.3260869565217,59,51.7,0.5,18.4,3.1,38
33.0188679245283,35,54.1,0.3,17.3,2.3,26
65.9130434782609,68,59,0.9,15.8,6.6,83
96.804347826087,97,55.9,2.8,16.6,19.6,188
101.630180051443,146,52.8,5.4,18.7,32.9,253
81.8913043478261,83,46.4,4,20.7,18.1,149
101.224064018291,117,30,2.2,26.1,12.4,155
101.224064018291,117,25.8,2.2,28.6,12.5,146
101.098028008002,108,23.3,2,30.3,12,121
101.084024006859,107,22.3,2,31.3,13.3,111
101.26607602172,120,22.3,1.9,31.1,12.3,116
101.686196056016,150,20.4,2.7,32.4,16,167
101.518148042298,138,19.3,2.2,32.6,13.7,145
101.65818805373,148,20.3,3.5,31.2,21.7,192
101.938268076593,168,24.8,4.1,27.7,23.7,231
101.994284081166,172,27.9,4.4,25.7,22.1,248
102.092312089168,179,29.9,4.5,24.1,20.6,267
101.588168048014,143,34.4,2.9,22.2,13.4,181
101.504144041155,137,38,2.6,20.7,12.8,163
101.224064018291,117,42.8,2.1,20.2,12.3,141
92.5434782608696,93,42,1.2,20.5,6.8,78
61.6521739130435,64,42,0.6,20.1,3.8,42
55.2608695652174,58,41.5,0.3,20,2.5,35
44.3396226415094,47,50.2,0.3,16.4,2.6,38
59.5217391304348,62,54.7,0.7,14.9,7,65
101.168048013718,113,51.3,4.2,16.4,26.2,296
101.35010002858,126,46.2,4.8,18.2,28.2,303
101.532152043441,139,40,3.4,20.7,20.2,244
101.65818805373,148,27,2.8,26.5,17.1,216
101.224064018291,117,23.8,1.8,28.5,11.2,137
101.070020005716,106,23.7,1.9,29.7,11.6,120
97.8695652173913,98,21.7,2,31.7,13.2,100
97.8695652173913,98,21.5,1.9,31.7,12.7,103
101.126036010289,110,19.5,2,32.8,13,123
101.182052014861,114,18.6,2.3,32.5,13.5,136
101.294084024007,122,22.6,2.7,30.2,10.2,158
101.756216061732,155,25.7,3.6,27.6,20.1,216
101.6161760503,145,24.9,3.8,25.9,19.1,211
101.630180051443,146,29.4,3.5,23.9,17.5,202
101.406116033152,130,32.1,2.5,22.3,13.8,147
101.35010002858,126,35.9,2.5,20.5,13.3,160
101.364104029723,127,37.2,3,19.8,14.8,162
101.35010002858,126,41.9,3.7,19.1,18,194
101.322092026293,124,46.1,3.3,17.8,16,167
92.5434782608696,93,47.6,1.5,17.6,9.7,91
56.3260869565217,59,53.8,0.5,15.8,3.6,50
63.7826086956522,66,53.5,0.5,16.5,4.6,61
78.695652173913,80,52.9,1.2,17.2,9.2,107
93.6086956521739,94,48.3,2.2,19.3,14.6,139
101.014004001143,102,47.1,2.2,20.6,11.7,165
95.7391304347826,96,40,2.1,23.7,11,139
90.4130434782609,91,32.5,1.8,25.6,11.6,113
101.04201200343,104,28.1,2.2,27.2,12.9,138
82.9565217391304,84,28.1,2,27.9,12.6,104
74.4347826086957,76,27.8,1.4,28.3,8.3,78
86.1521739130435,87,27,1.8,29.2,10.5,97
101,101,29.3,2.1,28.9,11.7,115
101.196056016005,115,39.8,2.8,25.4,15.8,152
101.126036010289,110,40.1,2.8,25.2,13.9,157
101.028008002286,103,39.4,2.7,24.5,15.7,132
89.3478260869565,90,45.4,1.8,22.3,10.9,98
65.9130434782609,68,48.3,1.2,21.2,6.4,65
84.0217391304348,85,50.5,2.6,20.6,12.7,101
100,100,52.9,3.1,20.2,15.3,134
101.182052014861,114,54.5,4.1,19.8,20.5,177
101.098028008002,108,56.2,3.6,19.5,15.9,179
76.5652173913043,78,58,1.9,19,10.4,105
34.9056603773585,37,56,0.3,17.7,2.1,27
50,53,52.4,0.4,17.9,2.2,41
77.6304347826087,79,49.3,0.8,18.9,4,78
62.7173913043478,65,48.6,0.8,20,4.3,68
61.6521739130435,64,41.2,0.8,20.6,3.8,64
63.7826086956522,66,34,0.8,23.6,4.1,67
50,53,28.1,0.9,26.7,4.5,54
66.9782608695652,69,28.1,1.2,26.8,5.3,67
54.195652173913,57,25.8,1,27.7,4.2,51
33.9622641509434,36,22.7,0.8,28.8,3.3,28
54.195652173913,57,27.3,1.1,26.8,4.9,51
71.2391304347826,73,28.7,1.5,25.9,6.1,77
79.7608695652174,81,27.7,1.5,25.8,6.9,93
90.4130434782609,91,29.5,1.4,24.8,6.8,94
62.7173913043478,65,36.3,1.1,25.3,5.8,69
53.1304347826087,56,40.4,0.9,23.9,5.5,57
66.9782608695652,69,46.6,1,21.4,6.1,74
71.2391304347826,73,49.3,1.1,20.5,6,75
74.4347826086957,76,42.3,1,19.2,4.2,73
64.8478260869565,67,37.9,0.7,19.2,4.1,56
41.5094339622642,44,43.1,0.5,17.2,2.4,31
19.811320754717,21,45.2,0.2,15.8,1,13
27.3584905660377,29,36.5,0.1,16.1,0.7,23
66.9782608695652,69,36.2,0.5,16.5,2.8,72
101.140040011432,111,30.9,1.6,17.5,7.8,165
79.7608695652174,81,24,2,18.4,9.7,118
53.1304347826087,56,23.8,1.3,19.2,6.9,85
89.3478260869565,90,18.1,1,21.7,5.8,116
84.0217391304348,85,17,0.9,22.3,5.5,112
81.8913043478261,83,16.1,1.2,22.8,6.8,100
84.0217391304348,85,14.5,1.3,23.8,7.2,109
84.0217391304348,85,13.1,1.1,25.1,6.9,111
79.7608695652174,81,12.9,1.2,25.8,7.5,109
91.4782608695652,92,14,1.4,25.5,7.7,114
101.098028008002,108,15.4,2,24.5,12,139
101.070020005716,106,17.2,2.4,22.6,13.5,157
101.182052014861,114,18.9,2.1,21.2,12,147
95.7391304347826,96,22.8,1.2,19.1,6.7,102
75.5,77,24.6,0.7,18.4,4.8,73
71.2391304347826,73,25.6,0.7,17.3,4.8,65
85.0869565217391,86,24.9,0.8,16.5,5,76
82.9565217391304,84,28.3,0.5,16.7,4.3,65
53.1304347826087,56,32.2,0.2,15.5,2.7,41
48.1132075471698,51,40,0.1,11.6,1.7,45
42.4528301886792,45,34.5,0.2,13.4,2.6,40
80.8260869565217,82,31,1.1,15.2,8.8,101
100,100,27.5,3,16.3,22.2,183
90.4130434782609,91,20,2.1,19.2,15.3,149
101.406116033152,130,13,2.6,24.9,14,207
101.756216061732,155,9.9,3.2,28.3,18.5,289
101.182052014861,114,9.8,2.1,29.2,13.5,159
101.364104029723,127,9.2,2.2,31.6,15.8,162
101.518148042298,138,9.3,2.4,32.6,18.5,173
101.490140040011,136,23.8,2.2,26.1,14.9,188
101.476136038868,135,21.1,1.8,28.8,13.8,159
101.196056016005,115,19.4,1.6,29.6,12.3,146
101.154044012575,112,16.4,1.8,31.6,14,127
101.154044012575,112,13.3,1.6,32.3,11.8,128
101.112032009145,109,13.5,1.6,31.8,12,120
101.154044012575,112,13.8,1.3,31.8,9.7,115
101.196056016005,115,18.9,1.7,29.6,12.3,133
101.224064018291,117,23.2,1.7,28,12.2,131
101.056016004573,105,41,2.1,23.6,12.5,133
101.182052014861,114,48.1,2.2,21.5,13.9,141
101.028008002286,103,44.1,1.8,22.1,11.4,112
101.252072020577,119,47.2,1.8,20.2,10.4,147
101.014004001143,102,47.6,0.9,20,7,104
95.7391304347826,96,46.8,1,19.8,7,97
101.112032009145,109,47,2,19.6,11.3,128
101.252072020577,119,46.3,1.8,19.3,9.2,138
101.028008002286,103,48.7,1.1,18.5,6.8,93
82.9565217391304,84,51.4,0.6,18,5.1,71
42.4528301886792,45,46.1,0.1,17.9,2,41
78.695652173913,80,43.9,0.5,18.4,4,84
75.5,77,42.1,0.6,18.9,4,77
65.9130434782609,68,39.7,0.5,19.2,4,73
63.7826086956522,66,36.6,0.7,20.8,4.2,72
68.0434782608696,70,35.8,0.7,21.3,4.5,77
72.304347826087,74,34.9,0.9,21.8,6,82
61.6521739130435,64,31.4,0.7,22.8,4.8,67
57.3913043478261,60,31.3,0.4,22.9,3.8,59
60.5869565217391,63,30.7,0.5,22.9,4.2,61
73.3695652173913,75,29.2,0.6,23.8,5.1,76
77.6304347826087,79,30.2,0.6,23.2,5.6,73
81.8913043478261,83,31.3,0.8,22.4,5.8,87
92.5434782608696,93,32.2,1,21.7,7,98
101.154044012575,112,33.2,1.2,20.8,7.9,123
101.028008002286,103,35,1,20.1,6.5,102
92.5434782608696,93,36.9,1.3,19.5,8.5,102
101.154044012575,112,38.2,2.7,19,13.7,142
101.336096027436,125,39.4,2.7,18.5,13.8,148
101.084024006859,107,41.7,1.6,17.8,9.1,107
74.4347826086957,76,42,0.6,19.2,6.5,61
34.9056603773585,37,47.2,0.1,17.2,3.1,25
42.4528301886792,45,47.6,0.1,17.3,2.9,32
58.4565217391304,61,44.2,0.2,18.6,3.6,48
64.8478260869565,67,37.8,0.3,20.2,2.7,60
57.3913043478261,60,31.9,0.3,22,3,52
61.6521739130435,64,25.9,0.4,25.5,3.7,58
61.6521739130435,64,22.8,0.3,27.5,3.8,54
56.3260869565217,59,20.7,0.3,28.7,4.2,52
38.6792452830189,41,19.6,0.1,29.1,2.6,34
43.3962264150943,46,18.4,0.1,29.8,2.8,41
43.3962264150943,46,15,0.2,32,4.2,41
75.5,77,17,0.6,30.3,6.2,65
81.8913043478261,83,16.2,0.5,31.7,5.2,65
89.3478260869565,90,19.6,0.9,29.2,7.7,84
94.6739130434783,95,23.8,1.1,27.4,8.8,89
101.168048013718,113,26.9,1.3,25,10.1,114
101.378108030866,128,30.1,1.5,23.6,9.8,127
101.224064018291,117,33.6,1.2,22.3,8.4,117
61.6521739130435,64,36.9,0.4,21.4,5.4,46
26.4150943396226,28,39.9,0.2,20.6,4.3,16
43.3962264150943,46,43.2,0.3,19.7,4.8,27
57.3913043478261,60,52.1,0.5,16.6,6.5,82
81.8913043478261,83,50.9,1.6,17.4,14.2,167
101.392112032009,129,46,3.6,19.3,22.7,248
101.504144041155,137,43.6,2.2,20.9,16.3,213
101.280080022864,121,33.3,1.6,25.6,14.1,161
101.30808802515,123,26,1.4,28.9,12.6,144
101.26607602172,120,22.8,1.4,30.3,13.1,127
101.252072020577,119,24.4,1.5,30.9,14.2,116
101.280080022864,121,26.2,1.3,30.5,13.8,124
101.140040011432,111,23.4,1.2,30.7,12.1,115
101.378108030866,128,29.8,1.8,28.1,15.7,150
101.812232066305,159,32.2,3,26.9,21.4,221
101.840240068591,161,34.6,3.5,26,25,227
101.210060017148,116,37.7,2.4,24.5,16.6,156
95.7391304347826,96,46.9,1.1,21.7,10.7,97
66.9782608695652,69,68.8,0.8,19.3,7.5,78
55.2608695652174,58,81.6,0.4,17.6,5.3,60
56.3260869565217,59,80.3,0.6,17.8,6.5,61
42.4528301886792,45,75.7,0.3,18.6,4.7,46
38.6792452830189,41,81.3,0.1,16.8,2.4,39
62.7173913043478,65,78.6,0.3,17.3,6.1,107
93.6086956521739,94,80.9,1.4,16.9,12.5,190
100,100,79.8,2.7,17.1,19.5,236
101.028008002286,103,70.3,2.3,18.5,15.2,227
88.2826086956522,89,66.7,1.8,19.6,12,211
85.0869565217391,86,63.1,1.6,20.4,12.4,201
88.2826086956522,89,61.8,1.9,21.6,15.9,191
87.2173913043478,88,49.3,2.5,24,15.7,192
71.2391304347826,73,43.8,1.6,25.7,13.5,143
76.5652173913043,78,47.5,1.5,24.6,12.4,148
94.6739130434783,95,47.4,2.5,24.8,17.1,183
101.112032009145,109,50.5,3.6,23.7,22,216
94.6739130434783,95,53.8,3.5,23,19.9,184
101,101,65.8,4.8,21.5,27.9,248
87.2173913043478,88,66.9,3.7,21,19.7,221
75.5,77,68.1,2.1,20.6,15.7,159
73.3695652173913,75,66.9,1.6,20.5,12,136
79.7608695652174,81,65.2,2.2,20.2,13.1,168
54.195652173913,57,68,0.8,19.5,9.2,95
60.5869565217391,63,54.8,0.7,19.6,4.5,37
69.1086956521739,71,57.3,0.7,19.3,4.9,57
90.4130434782609,91,58.4,1.2,19.7,7.9,131
94.6739130434783,95,59.4,1.5,19.8,7.4,171
95.7391304347826,96,54.8,1.5,20.9,8,187
79.7608695652174,81,47.9,1.6,22.4,7.6,133
65.9130434782609,68,41.3,1.1,24.1,5.3,87
54.195652173913,57,36.9,1.1,25.9,5.3,61
65.9130434782609,68,26,1.4,30.7,8,86
70.1739130434783,72,25.2,1.4,30.3,8.4,83
59.5217391304348,62,25.4,1,30.1,6,61
73.3695652173913,75,35.1,1.3,27.6,7.3,80
91.4782608695652,92,47.6,1.9,26.6,10.2,110
88.2826086956522,89,31.3,1.7,30.4,9,108
101.056016004573,105,35,2.3,27.8,14,134
101.140040011432,111,37.9,2.4,26.6,16.1,133
101.014004001143,102,44.4,1.8,23.4,8.2,118
28.3018867924528,30,51.1,0.6,23,3.8,17
40.5660377358491,43,53.5,0.8,22.1,5.6,26
64.8478260869565,67,53.6,1.7,21.6,8,55
55.2608695652174,58,52.7,1.1,21.9,5.6,39
22.6415094339623,24,54.9,0.6,21.3,3.8,15
55.2608695652174,58,79.1,1.1,17.5,6.6,47
59.5217391304348,62,81.8,1,17.1,5.2,49
32.0754716981132,34,80.2,0.5,16.6,2.4,21
43.3962264150943,46,77.4,0.7,16.8,3.1,33
59.5217391304348,62,66.5,1,18.3,5.2,63
68.0434782608696,70,55.8,1.2,20.4,5.9,73
51,54,45.3,0.7,21.6,2.8,51
58.4565217391304,61,39.4,0.9,23.1,3.4,61
50,53,31.6,0.8,25.4,3,52
46.2264150943396,49,29,0.8,26.6,3.4,49
45.2830188679245,48,28.8,0.5,25.9,2.3,40
42.4528301886792,45,28,0.5,27,2.7,36
57.3913043478261,60,38.1,0.7,23.6,3.6,51
56.3260869565217,59,32,0.9,25.9,4.2,56
64.8478260869565,67,31.5,1,26.3,4.9,71
70.1739130434783,72,36.8,1.2,23.9,5.9,79
87.2173913043478,88,36.8,1.3,23.7,6.6,117
93.6086956521739,94,37.8,1.6,22.5,7.6,127
88.2826086956522,89,39.2,1.4,21.8,7,118
95.7391304347826,96,42.6,1.7,20.9,7.5,130
97.8695652173913,98,45.6,1.7,20,8.4,131
94.6739130434783,95,47.9,1.4,19.3,7,102
61.6521739130435,64,49,0.8,18.7,3.9,48
35.8490566037736,38,54.1,0.4,17.8,2.6,22
37.7358490566038,40,54.1,0.5,18.2,2.4,44
74.4347826086957,76,57.6,1.5,17.3,9.6,167
89.3478260869565,90,49.4,2.6,19.9,15.4,220
101.238068019434,118,44.2,4.3,21.7,25,285
101.238068019434,118,40,3.1,23.5,15.1,272
101.294084024007,122,29.7,2.9,28.4,17.4,238
101.26607602172,120,24.1,2.5,31.6,14.1,207
101.434124035439,132,24.1,1.9,31.3,11.8,152
101.196056016005,115,20.4,2.5,34.4,14.9,185
101.364104029723,127,21.3,2.5,33.7,16,184
101.35010002858,126,18.9,2.8,35.9,16.5,205
101.168048013718,113,19.4,2.3,34.3,15.2,172
101.322092026293,124,19.9,3.3,33.5,18.9,227
101.098028008002,108,24.2,2.8,30.5,19,187
101.574164046871,142,26.2,4.8,30.3,28.9,290
101.336096027436,125,36.7,2.5,27,13.4,155
101.210060017148,116,41.9,2,24.6,10.9,108
101,101,44.5,1.8,23.3,8.9,94
101,101,46.9,1.7,22.4,8.5,103
91.4782608695652,92,50.8,1.3,21.7,6.7,78
52.0652173913044,55,51.9,0.7,21,4.2,38
39.622641509434,42,54.3,0.5,20.5,2.5,26
28.3018867924528,30,53.1,0.3,21,1.4,19
37.7358490566038,40,57.1,0.5,19.6,2.8,35
66.9782608695652,69,62.3,1.4,18.2,8.8,126
100,100,57.7,3.3,19.5,19.4,309
101.336096027436,125,51.7,5.8,21.6,36.1,376
102.022292083452,174,44.4,5,23.9,27.1,441
101.980280080023,171,35.2,3.5,28.1,19,309
101.672192054873,149,28.6,2.9,31.4,16.9,220
101.322092026293,124,25.5,2.5,33.7,15.7,168
101.252072020577,119,20.8,2.3,35.9,14.1,149
101.406116033152,130,18.1,2.4,37.5,16.5,160
101.588168048014,143,17.7,2.6,37.7,14.8,177
102.148328093741,183,20.6,3.5,36.6,21.4,176
101.840240068591,161,26,3.9,32.5,23.6,202
101.96627607888,170,27.2,4.5,30.8,25,255
101.588168048014,143,30.2,3.8,28.8,21.6,210
101.30808802515,123,35.4,2.8,26.7,15.7,157
88.2826086956522,89,40.7,1.7,25.3,10.9,96
64.8478260869565,67,41.2,1.2,24.9,8.1,59
79.7608695652174,81,45.1,1.6,23.7,10.2,81
51,54,49,1,22.5,7.5,40
54.195652173913,57,50.6,0.9,22.3,5.8,42
48.1132075471698,51,54.4,0.5,20.8,3.3,31
55.2608695652174,58,56,0.5,20.3,4,54
66.9782608695652,69,54.8,1,20.5,8.1,88
101.084024006859,107,50.6,3.5,21.7,22.3,261
101.700200057159,151,46.1,6.4,23.4,36.9,357
101.630180051443,146,43,2.9,25.1,17.5,265
101.896256073164,165,32.8,3.4,30.1,19.3,247
101.812232066305,159,25.9,2.8,34.7,17.6,189
102.022292083452,174,23.2,2.8,37.2,18.6,168
101.92426407545,167,18.3,2.8,39.5,18,183
101.504144041155,137,15.3,2.3,40.6,14,157
101.210060017148,116,16.1,1.8,40.3,10.9,113
101.336096027436,125,14.2,2,40.3,11.1,140
102.302372106316,194,16.7,3.5,39.6,21.6,230
102.694484138325,222,23.4,4.9,37.3,27.6,277
102.470420120034,206,27.7,4.6,33.7,25.6,295
101.854244069734,162,32.2,3.4,30.7,18.6,212
101.434124035439,132,35.7,2.7,28.4,15.2,151
101.084024006859,107,38.6,1.9,26.5,11.7,110
82.9565217391304,84,40.1,1.5,25.4,8.7,83
58.4565217391304,61,43.3,1,24.1,7.6,48
39.622641509434,42,45.6,0.7,23.9,5.2,27
63.7826086956522,66,52.8,1,22,5.9,48
74.4347826086957,76,59.4,0.9,19.5,5.4,75
76.5652173913043,78,56.6,1.2,20,8.7,101
101.04201200343,104,53.9,2.9,21.7,19.9,214
101.532152043441,139,49,4.8,23.7,30.4,290
101.910260074307,166,44.3,4.3,25.9,24.6,311
101.700200057159,151,34.3,3.1,30.1,16.9,234
101.462132037725,134,27.2,2.4,33.5,13.6,157
101.65818805373,148,26.1,2.8,35.4,15.3,165
101.35010002858,126,23.2,2.5,37.9,14.1,137
101.602172049157,144,18.7,2.6,39.7,17,149
101.448128036582,133,17.2,2.3,40.4,13.8,140
101.532152043441,139,18.8,2.4,40,13.6,139
102.078308088025,178,18.8,3.5,38.9,21.2,221
102.470420120034,206,22.1,4.8,35.8,25.9,318
102.54044012575,211,25.9,5.1,33.1,25.4,363
102.106316090312,180,28.2,4.7,30.9,23.6,341
101.210060017148,116,32.6,2.4,27.5,12,163
101.238068019434,118,34.3,2.5,26.3,14.2,157
101.196056016005,115,34.1,2.7,25.5,14.2,202
95.7391304347826,96,39.3,1.5,24.7,10.4,102
85.0869565217391,86,39.5,1.1,24.2,7.5,70
62.7173913043478,65,37.8,0.6,24.8,3.5,41
50,53,44.3,0.4,22,2.6,36
72.304347826087,74,51.4,0.6,19.3,4,68
66.9782608695652,69,50.4,1,19.8,7,92
101.420120034296,131,48.2,4.6,20.5,24.8,332
101.462132037725,134,42.7,4.8,22.8,28.9,333
101.65818805373,148,35.8,4,25.6,21.5,298
101.140040011432,111,19.6,2,35.9,13.1,120
101.126036010289,110,18.2,2,37.2,13.3,108
101.126036010289,110,16.6,1.9,37.3,12.5,109
101.210060017148,116,14.9,1.9,37.4,13,124
101.26607602172,120,15.1,1.9,36.4,12.3,127
101.574164046871,142,14.7,2.6,35.4,15.2,185
101.630180051443,146,14.2,3.2,34.2,19.1,230
101.728208059446,153,18.7,3.4,31.1,19.7,265
101.798228065161,158,22,3.4,29.1,18.6,261
101.546156044584,140,22.5,2.9,27.2,16.1,219
101.364104029723,127,24.6,2.7,25.3,15,180
96.804347826087,97,27.2,1.3,24.9,7.3,108
90.4130434782609,91,32.2,1.3,23.5,8.9,98
65.9130434782609,68,32.7,0.9,23.5,6.6,57
49.0566037735849,52,32,0.6,24.1,4.3,36
55.2608695652174,58,40.2,0.5,20.8,4.1,45
76.5652173913043,78,46.6,0.9,18.8,6,87
58.4565217391304,61,46,0.7,19.8,5.6,62
61.6521739130435,64,42.3,0.6,21.3,4.8,65
79.7608695652174,81,41.8,1.3,21.3,8.9,125
91.4782608695652,92,36.6,1.9,24,13.1,157
101,101,30.7,2.1,27.2,14.1,171
95.7391304347826,96,23.6,1.8,32.3,11.2,119
101,101,25.8,1.8,31.9,10,110
90.4130434782609,91,21.8,1.6,35.1,9.6,95
65.9130434782609,68,20.5,1.2,36,7.2,58
74.4347826086957,76,20.1,1.2,37,8.6,69
82.9565217391304,84,21,1.4,36.4,9,76
74.4347826086957,76,22.6,1.3,35.2,7.9,63
58.4565217391304,61,27.6,1.1,32.5,6.2,51
49.0566037735849,52,35.1,1.1,29.1,6.3,46
56.3260869565217,59,39.7,1.1,26.9,6.3,52
88.2826086956522,89,42.2,1.8,26.1,11.2,84
101.168048013718,113,43.8,2.3,25.5,12.8,130
101.154044012575,112,45.6,2.6,24.9,13.2,147
88.2826086956522,89,45.2,2,25.2,9.2,126
50,53,45.5,1,25.4,5.8,47
33.9622641509434,36,43.6,0.6,26.2,3.4,24
36.7924528301887,39,48.3,0.5,24.4,3.1,25
31.1320754716981,33,51,0.4,23.3,2.2,21
34.9056603773585,37,48.1,0.4,21.6,1.5,25
33.9622641509434,36,47.8,0.4,21.4,1.3,25
39.622641509434,42,46.8,0.4,20.5,1.2,30
49.0566037735849,52,40.7,0.5,20.8,1.7,42
57.3913043478261,60,35.3,0.6,22.3,2.5,52
72.304347826087,74,38.3,0.7,21.7,2.5,62
62.7173913043478,65,29.6,0.7,24.4,2.7,67
49.0566037735849,52,34.9,0.6,23.4,1.9,47
37.7358490566038,40,35.2,0.5,23.5,1.8,35
46.2264150943396,49,39,0.6,22.4,2.4,45
53.1304347826087,56,41.7,0.8,22,2.6,53
56.3260869565217,59,42.7,0.8,21.7,3,57
65.9130434782609,68,43.4,1,20.7,2.9,71
70.1739130434783,72,42.6,1,20.3,3.5,67
76.5652173913043,78,44.1,1,20.3,3.6,75
69.1086956521739,71,45.2,0.9,20.1,3.6,65
51,54,45.7,0.7,19.8,2.3,45
54.195652173913,57,45.3,0.8,19.6,2.6,46
42.4528301886792,45,45.9,0.7,19.4,2,33
28.3018867924528,30,44.8,0.5,19.7,1.2,19
15.0943396226415,16,46.3,0.3,19.5,0.7,9
26.4150943396226,28,52.7,0.3,19.1,0.8,21
59.5217391304348,62,49.3,0.7,20.3,3.5,66
91.4782608695652,92,46.2,1.5,21.1,7,137
95.7391304347826,96,44.5,1.8,21.5,8.7,151
86.1521739130435,87,43.6,1.4,22.4,6.3,115
82.9565217391304,84,39.1,1.5,24.8,7,118
71.2391304347826,73,42.1,1.2,23.9,5.5,95
70.1739130434783,72,38.3,1.2,25.5,5.3,86
65.9130434782609,68,39.2,1.3,25.4,5.5,85
59.5217391304348,62,37,1,25.6,3.8,66
68.0434782608696,70,38.4,1.4,24.5,5.4,74
81.8913043478261,83,39.9,1.6,23.9,6.7,108
91.4782608695652,92,39.2,2.7,24.2,12.2,150
101.028008002286,103,41.2,2.3,23.5,10.2,157
80.8260869565217,82,44.9,1.5,22.3,6.7,93
72.304347826087,74,46.5,1.4,21.7,5.7,76
64.8478260869565,67,44.9,1,22,4.1,57
72.304347826087,74,44.1,1.1,22.2,4.7,64
70.1739130434783,72,45.6,1.2,21.8,5.2,59
77.6304347826087,79,46,1.2,21.6,5.1,68
40.5660377358491,43,45.8,0.7,21.6,2.8,31
31.1320754716981,33,48.3,0.5,20.7,1.4,21
35.8490566037736,38,48.5,0.4,20.8,2,24
48.1132075471698,51,49.4,0.5,20.8,3,38
66.9782608695652,69,51.8,1,19.9,7.5,92
101.210060017148,116,49.3,4.4,20.9,24.7,311
101.252072020577,119,39.9,4,23.7,24.8,260
95.7391304347826,96,35.8,2.4,25.3,10.9,181
101.112032009145,109,29.1,2.1,28.8,11.9,177
101.196056016005,115,26.9,2.7,30.3,16,180
101.238068019434,118,23.3,2.8,32.8,15.7,174
101.238068019434,118,21.4,2.3,33.9,13.1,140
101.154044012575,112,19.6,2,35.3,12.2,122
101.546156044584,140,20.8,2.6,34,15.8,189
101.504144041155,137,18.8,2.7,35.3,16.6,169
101.588168048014,143,24.1,3.1,32.6,18.4,172
101.65818805373,148,28.7,3.1,30.8,16.7,154
101.798228065161,158,31.2,3.6,28.7,20.8,192
101.364104029723,127,35.1,2.9,26.8,15.3,160
101.112032009145,109,39.4,2.2,25.3,11.5,110
101,101,40.9,2,23.9,10.1,97
101.182052014861,114,44.4,2.1,23,10.4,124
101.04201200343,104,53.9,1.9,22.2,9.4,108
79.7608695652174,81,59.8,1.4,20.9,6.9,61
48.1132075471698,51,58.1,0.8,21.3,4,34
37.7358490566038,40,58.9,0.6,20.3,2.6,24
32.0754716981132,34,54.5,0.5,21.3,2.4,27
58.4565217391304,61,57.4,1,20.6,6.8,70
94.6739130434783,95,56.9,2.7,21.3,18.9,176
101.574164046871,142,52.4,5,22.9,30.2,310
101.378108030866,128,46.5,3.3,24.1,14.9,221
101.196056016005,115,38.8,2.4,27.1,12.2,168
82.9565217391304,84,34.4,1.7,28.4,8.3,109
84.0217391304348,85,30.9,1.7,30.1,9,102
101.126036010289,110,25.8,2.4,32.7,13.7,129
101.084024006859,107,25.7,2.2,32.4,14.1,117
101.084024006859,107,24.4,2.2,33.6,12,112
101.168048013718,113,26,2.3,33,12.2,122
101.084024006859,107,23.7,2.6,33.2,13.1,114
101.070020005716,106,25.4,2.3,31.3,12.6,111
101.336096027436,125,31.7,3.3,28.3,18.3,158
101.532152043441,139,35,3.5,26.5,17.2,202
101.224064018291,117,40,2.5,24.4,12.9,166
101.084024006859,107,43.4,2.5,23.3,13.7,143
97.8695652173913,98,45.3,2.4,22.5,13.4,122
96.804347826087,97,47.8,2.5,21.8,13.5,113
94.6739130434783,95,51,2.1,20.9,9.9,109
65.9130434782609,68,51.7,1,20.8,4.4,53
41.5094339622642,44,53.8,0.5,20.2,3.4,35
75.5,77,60.8,1.3,18.3,9.3,123
100,100,54.5,3.6,20.2,23.4,254
101.336096027436,125,49.9,4.8,21.9,27.7,300
101.742212060589,154,43,3.7,25.2,22.1,281
101.336096027436,125,36.6,1.9,28,10,169
101.224064018291,117,38.3,1.7,27.1,8.9,152
101.056016004573,105,37,1.9,27.4,9.8,127
101.028008002286,103,32.9,1.8,29.4,9.4,118
101.070020005716,106,28.7,1.7,31.3,9.8,120
101.084024006859,107,28.7,1.8,31.5,9.5,125
101.014004001143,102,30.3,1.7,30.9,9.5,117
101.322092026293,124,30.3,2.8,31.4,15.4,166
101.448128036582,133,31.4,3.6,30.7,19.4,180
101.336096027436,125,33.4,3.3,29,16.5,172
101.322092026293,124,37.5,2.9,27.3,14.3,160
96.804347826087,97,40.9,1.7,25.8,8.2,103
93.6086956521739,94,43,1.7,25.2,8.7,87
101.26607602172,120,45.8,2.8,24.6,15.2,147
101.056016004573,105,47.3,1.8,24,10.6,120
79.7608695652174,81,48.3,1,23.5,6,63
40.5660377358491,43,45.8,0.5,24,3.1,30
30.188679245283,32,48.1,0.3,22.8,1.8,19
33.9622641509434,36,50.1,0.4,21.9,2.6,27
56.3260869565217,59,54.1,0.8,20.4,6.5,65
91.4782608695652,92,52.6,2.2,20.8,14.5,169
101.280080022864,121,47.9,4.4,22.8,28.8,244
101.700200057159,151,42.9,3.7,25.2,21.3,274
101.574164046871,142,34.8,2.5,29.3,14.9,202
101.560160045727,141,27.8,2.5,33.3,15.6,186
101.392112032009,129,24.9,2.3,34.9,14.3,153
101.070020005716,106,22.7,2,36.1,12.6,112
101.336096027436,125,21.1,2,37.6,13.4,117
101.35010002858,126,21.9,2.1,37.3,12.6,109
101.644184052586,147,21.6,2.4,37.2,14.8,133
102.106316090312,180,23.4,3.1,35.6,18.6,185
101.882252072021,164,24.3,2.9,33.1,16.7,167
102.106316090312,180,29.5,3.5,30.5,20.8,218
101.728208059446,153,35.8,2.9,28.7,16,171
101.056016004573,105,42.2,1.5,26.6,7.6,78
97.8695652173913,98,46.6,1.7,25.2,10.2,84
101.084024006859,107,47.7,2.2,24.7,13.8,110
86.1521739130435,87,47.4,1.6,24.4,10.4,87
78.695652173913,80,49.9,1,23.3,6.5,58
59.5217391304348,62,47.3,0.6,23.8,4.3,39
51,54,55,0.6,21.2,3.9,38
53.1304347826087,56,52.6,0.5,21.7,3,41
59.5217391304348,62,48.9,0.5,22.8,3.2,47
70.1739130434783,72,47.6,0.9,23.5,5.6,72
85.0869565217391,86,44.9,1.4,24.6,9.1,100
98.9347826086957,99,39.9,1.6,27,9.7,104
97.8695652173913,98,35.9,1.6,29.3,8.6,109
101.014004001143,102,32.4,1.7,31.2,9.6,103
82.9565217391304,84,26.6,1.7,34.4,9.8,75
81.8913043478261,83,22.1,1.5,36.1,10.3,72
22.6415094339623,24,55.2,0.3,18.9,1.5,15
40.5660377358491,43,57.6,0.5,18.2,3.5,52
61.6521739130435,64,56,1.3,18.6,8.3,85
90.4130434782609,91,48,2.5,20.8,17.3,177
101.112032009145,109,38.6,3.7,23.3,23.3,232
101.126036010289,110,32.4,2.5,25.1,13.8,201
101.140040011432,111,25.8,1.8,27.8,10.2,134
101.070020005716,106,21,1.5,29.6,7.9,104
101.04201200343,104,18,1.5,30.2,8.8,89
74.4347826086957,76,18.5,1.2,30.1,7.2,66
82.9565217391304,84,19.4,1.4,29.5,8.3,85
101.014004001143,102,18.2,1.6,31.1,9.6,105
101.014004001143,102,19,1.6,30.3,9,99
101.322092026293,124,19.3,2.2,30.1,12.4,132
101.644184052586,147,22.3,3,28.6,15.3,186
101.518148042298,138,28.3,3,26.1,16.1,174
101.35010002858,126,35.7,2.7,24.5,14.1,149
101.154044012575,112,41.5,2.1,23.1,11.4,114
94.6739130434783,95,46.3,1.6,21.8,9.5,92
78.695652173913,80,48.9,1.3,20.9,7.4,75
77.6304347826087,79,49.9,1.1,20.5,6.4,74
46.2264150943396,49,50.9,0.7,20,4.1,35
33.9622641509434,36,44.3,0.4,22.1,1.9,22
37.7358490566038,40,50.3,0.2,19.8,1.2,24
34.9056603773585,37,52.8,0.3,19,2.2,30
64.8478260869565,67,56.5,0.9,17.8,6.4,93
101.070020005716,106,55.8,3.1,18.2,18.5,332
101.462132037725,134,47.7,5,20.6,30.2,387
101.30808802515,123,41.9,2.8,22.8,14.2,267
101.490140040011,136,31.7,2.8,27.1,14.3,269
101.112032009145,109,26.4,2.1,30.4,12.6,193
101.602172049157,144,26.2,3.1,31.1,18,239
101.742212060589,154,25.3,3,31.4,17.1,232
101.35010002858,126,26.7,2.1,30.8,13,152
97.8695652173913,98,25.6,1.7,31.8,11.2,115
101.26607602172,120,22.9,2.2,33.5,13.6,169
101.6161760503,145,23.5,3.5,33.1,20.5,226
101.532152043441,139,25.9,3.6,31.7,20.2,218
101.65818805373,148,30.4,4.1,29,23.1,245
101.532152043441,139,33.6,4,27.4,20.3,236
92.5434782608696,93,36.4,1.8,25.2,9.3,104
95.7391304347826,96,39.6,1.7,24,10.5,104
101.04201200343,104,39.6,2.4,23.8,13.6,144
81.8913043478261,83,43.6,1.2,22.9,8,79
63.7826086956522,66,43.9,0.8,22.8,4.6,51
52.0652173913044,55,47.3,0.5,21.8,3.2,38
37.7358490566038,40,46.8,0.4,21.7,2.2,30
48.1132075471698,51,52.3,1,20.3,6.7,73
101.224064018291,117,52.3,3.8,20.5,23.1,305
101.126036010289,110,49.6,3.2,21.7,19,295
101.490140040011,136,43.1,3.5,24,20.1,331
101.714204058302,152,31.7,3.2,28.5,16.4,304
101.252072020577,119,25.1,2.3,32.2,13,210
101.070020005716,106,20.5,2.2,34.9,13.1,163
101,101,19.9,2.1,35.4,11.8,132
101.126036010289,110,22.5,1.9,34.4,12.7,126
101.322092026293,124,22.8,2.4,34.8,14.1,150
101.504144041155,137,22.4,2.5,34.3,14.4,171
101.812232066305,159,25.3,3.6,32.5,20.7,234
101.714204058302,152,27.3,3.9,31.3,21.6,251
101.910260074307,166,29,4.4,30.2,24.2,294
101.868248070877,163,33.3,4.8,28.5,21.8,300
101.280080022864,121,35.3,2.5,27.3,13,159
101.336096027436,125,37.8,2.8,26.1,15.1,176
101.26607602172,120,47.1,3.2,24.7,16.6,192
101.028008002286,103,59.8,2.6,23.6,12.7,152
61.6521739130435,64,60.5,1.5,23.3,8.6,63
41.5094339622642,44,59.4,1,23.3,5.3,35
33.0188679245283,35,53.5,0.6,23.7,2.8,21
43.3962264150943,46,60.9,0.6,21.2,3.1,41
51,54,56.2,0.7,22.1,3.7,48
65.9130434782609,68,57,1.2,21.9,6.9,102
75.5,77,45.9,1.5,24.7,8.6,111
72.304347826087,74,40.8,1.3,27,7.1,93
91.4782608695652,92,37.4,1.6,29.1,6.6,118
81.8913043478261,83,32.4,1.5,31.1,7.2,93
55.2608695652174,58,30.3,1.2,31.9,5,56
52.0652173913044,55,28.9,1.1,32.8,5.7,51
58.4565217391304,61,27.8,1.2,33.4,6,52
62.7173913043478,65,23.7,1.3,35.3,6.1,59
72.304347826087,74,22.4,1.4,35.8,8,62
88.2826086956522,89,20.8,1.6,35.3,7.8,85
101.028008002286,103,23.9,2.1,33.3,11.1,109
101.378108030866,128,30.8,3,30.3,15.9,168
101.294084024007,122,34.5,2.8,28.3,13.7,166
101.336096027436,125,38.9,3.8,27.1,21.6,149
101.252072020577,119,43.2,3.2,25.4,16.8,118
101.35010002858,126,45.3,4.1,24.6,20.5,160
100,100,46,2.6,23.7,14.1,124
93.6086956521739,94,48.1,2,23,10.9,95
49.0566037735849,52,43.4,0.9,24.8,3.6,34
61.6521739130435,64,50.2,0.6,21.7,2.4,45
43.3962264150943,46,50.7,0.6,21.9,3,35
87.2173913043478,88,57,1.6,20.1,8.9,141
101.04201200343,104,51.8,2.6,21.5,14.8,199
101.336096027436,125,48.7,2.9,22.9,16.2,224
101.700200057159,151,41,2.8,25.7,14.6,245
101.168048013718,113,33.2,1.9,29.9,8,153
101.014004001143,102,28,1.9,32.9,9.1,145
101.098028008002,108,25.6,2.1,34,10,130
92.5434782608696,93,22.6,1.9,34.7,9.8,95
88.2826086956522,89,20.3,1.6,35.5,8.3,88
82.9565217391304,84,18.8,1.6,35.9,7.5,89
101.140040011432,111,18.6,2.1,36.2,11.7,127
101.196056016005,115,15.3,2.4,35.4,13.3,149
101.364104029723,127,15.5,2.8,32.9,14.4,170
101.392112032009,129,19.8,3.4,29.9,17.9,210
101.546156044584,140,22.4,3.4,28.1,15.9,230
101.504144041155,137,24.7,2.7,26.1,14.2,203
101.406116033152,130,28.7,2.6,25,13.8,174
101.280080022864,121,31,2.3,24.3,11.7,164
77.6304347826087,79,31.2,1.2,24,6.2,76
66.9782608695652,69,34.9,1,22.4,5.1,52
58.4565217391304,61,37.6,0.9,21.2,4.5,47
55.2608695652174,58,42.4,0.4,19.5,2.3,41
68.0434782608696,70,45.8,0.9,18.6,5.5,74
101.04201200343,104,44.1,1.8,19.7,10.4,168
101.112032009145,109,39.4,2.2,21.9,12.4,176
101.392112032009,129,34.3,2.4,24.5,14,184
101.602172049157,144,25.6,2.3,30,12.7,187
101,101,18.9,1.6,34.5,9,118
89.3478260869565,90,17.5,1.4,36.3,8.5,89
85.0869565217391,86,16,1.4,37.7,8.2,70
66.9782608695652,69,15.8,1,38.3,5.9,51
62.7173913043478,65,17.5,1,38.4,5.6,52
71.2391304347826,73,20.5,1.2,37.2,6.7,70
71.2391304347826,73,26.4,1.3,34,6.1,80
76.5652173913043,78,30.4,1.5,32.3,6.7,90
97.8695652173913,98,33.9,1.9,30.5,9.2,111
98.9347826086957,99,37.8,1.8,29.2,8.2,107
81.8913043478261,83,39.1,1.4,28.4,7,73
87.2173913043478,88,40.6,1.7,27.7,9.5,75
101.224064018291,117,42.5,2.7,27.2,15.1,144
96.804347826087,97,44.8,2.1,26.5,11.7,120
73.3695652173913,75,47.6,1.4,25.5,9.3,71
50,53,47.8,1,25.2,6.4,40
42.4528301886792,45,52.3,0.8,23.2,4.2,34
39.622641509434,42,50.3,0.5,24,2.6,27
41.5094339622642,44,51.2,0.6,23.5,2.8,30
47.1698113207547,50,50.8,0.6,23.5,3.1,40
57.3913043478261,60,47.6,1,24.7,6.2,56
100,100,41.1,1.6,27.2,7.9,104
101.140040011432,111,32.4,1.9,31,10.5,121
101.126036010289,110,24.8,1.7,35.2,9,100
72.304347826087,74,18.5,1.1,37.8,6.3,59
53.1304347826087,56,15.1,0.8,39,3.5,42
47.1698113207547,50,12.8,0.7,41.3,4,38
51,54,11.9,0.7,41.8,4.2,40
89.3478260869565,90,14.2,1.2,42.2,6.9,70
101.112032009145,109,15.5,1.6,41.4,7.9,95
101.126036010289,110,21.4,1.6,38.9,7.9,90
101.028008002286,103,26,1.7,34.3,10.3,90
101.26607602172,120,27.7,2,32.7,10.5,111
101.462132037725,134,30.4,2.3,30.5,12.7,135
101.504144041155,137,33.6,2.4,29,11.9,146
98.9347826086957,99,36.6,1.7,28.2,9.3,100
76.5652173913043,78,38.9,1.2,27.2,7.9,69
60.5869565217391,63,40,1,26.7,5,47
38.6792452830189,41,41.2,0.6,26,3.4,26
36.7924528301887,39,46.6,0.4,24,2.7,24
57.3913043478261,60,46.4,0.5,24,3.1,55
51,54,47.1,0.7,23.7,5,47
101.252072020577,119,47.3,3.2,23.6,20.7,209
101.812232066305,159,43.1,5.6,25.5,32.4,348
102.134324092598,182,36.8,4.6,28.5,24.2,337
102.148328093741,183,28,3.3,32.6,16.6,280
101.602172049157,144,23.4,2.1,36.3,13.2,169
101.238068019434,118,21.5,1.9,37.5,12.3,126
101.070020005716,106,19,1.9,39.6,12.1,108
96.804347826087,97,19.3,1.6,40.1,11.1,93
101.392112032009,129,20,2,40.4,13.1,112
101.406116033152,130,20.1,1.8,39.9,11.6,110
101.868248070877,163,19.6,2.9,39.1,17.7,188
101.826236067448,160,21.9,3.4,37,19.5,203
101.546156044584,140,26.8,3.1,33.9,19.7,167
101.196056016005,115,30.6,2.5,31.9,15.1,116
91.4782608695652,92,33.9,1.8,29.7,11.1,89
98.9347826086957,99,36.8,1.8,28.6,11.7,103
95.7391304347826,96,38.7,2,27.8,11.7,100
78.695652173913,80,40,1.5,27.8,9.7,86
62.7173913043478,65,41.3,0.8,27.5,6,52
43.3962264150943,46,41.6,0.4,27.3,3.9,27
51,54,45.1,0.5,25.9,3,42
59.5217391304348,62,47.6,0.7,25.3,5.4,57
101.014004001143,102,49.5,3.4,24.7,23.5,228
101.546156044584,140,43.1,5.7,27.1,33.5,350
101.280080022864,121,39.8,3.2,28.3,15.5,232
101.434124035439,132,32.3,2.7,32.4,15.3,206
101.294084024007,122,27.8,2.1,35.4,12.8,159
101.65818805373,148,27.4,2.8,35.5,15.2,184
101.448128036582,133,24.4,2.5,37.8,15.7,136
101.406116033152,130,25.5,2.1,37.2,12.3,124
101.560160045727,141,25.6,2.5,37.2,15.3,133
101.994284081166,172,25,2.7,38,17.6,156
102.358388110889,198,26.9,3.7,37.1,21.5,200
102.120320091455,181,27.8,3.7,36.9,23.2,202
102.414404115462,202,31.9,4.6,34.7,25.6,286
101.26607602172,120,38.4,2.6,31.9,14.3,141
101.196056016005,115,42.3,2.5,30.5,14.4,117
101.154044012575,112,45.8,2.3,29.3,12.6,110
96.804347826087,97,48.1,2.2,28.2,13.7,100
100,100,51,2.5,27.3,13.1,112
44.3396226415094,47,52.4,0.9,26.8,6.1,35
41.5094339622642,44,54.9,0.8,26,5.8,33
39.622641509434,42,51.8,0.5,26.9,2.6,28
54.195652173913,57,59.1,0.7,24.6,4.6,49
58.4565217391304,61,53.1,0.9,26.4,7.4,81
101.070020005716,106,46.4,2.2,27.3,15.2,178
101.490140040011,136,40.4,2.8,28.4,16.7,223
101.784224064018,157,37.1,2.9,30.8,17,290
101.980280080023,171,30.7,2.9,34.2,18,274
102.246356101743,190,26.5,3,37,16.1,278
101.756216061732,155,27.8,2.5,36.6,13.4,152
101.532152043441,139,26.9,2.3,36.9,14,118
101.714204058302,152,22.2,2.1,39.3,13.4,141
101.588168048014,143,22.4,1.9,38.5,10.4,131
101.938268076593,168,20.4,2.3,39.7,12.7,171
102.750500142898,226,24.2,4.2,38.8,24.5,287
102.484424121177,207,38,4.9,33.5,27.8,267
102.344384109746,197,32.9,4.9,34,23.3,280
101.798228065161,158,33.7,3.5,31.9,17.6,224
101.322092026293,124,37.6,2.5,30.2,14.5,137
101.126036010289,110,41,2.5,28.9,14.4,118
101.154044012575,112,45.2,2.6,27.8,14.2,128
101.014004001143,102,47.4,2.3,27.1,12.9,111
75.5,77,49.4,1.5,26.2,9.9,66
47.1698113207547,50,49.3,0.9,26.9,5.1,36
37.7358490566038,40,54.6,0.6,24.9,3.2,31
63.7826086956522,66,58.6,0.8,23.4,5.4,75
57.3913043478261,60,55.2,0.9,24.4,6.4,66
84.0217391304348,85,54.3,2.4,25.1,17.1,154
101.26607602172,120,51.2,3.9,26.6,22.3,239
101.462132037725,134,47.1,2.9,28.2,14.6,246
101.672192054873,149,39.4,2.7,31.6,13.3,261
101.336096027436,125,31.8,2,34.2,10.5,179
101.434124035439,132,27.1,2.4,36.6,14.2,159
101.182052014861,114,26.9,2,37.6,12.2,111
101.126036010289,110,26.3,1.8,38.1,10.1,101
101.280080022864,121,26.9,1.9,37.8,11.7,118
101.364104029723,127,22.7,1.8,37.8,10.9,120
101.784224064018,157,24.7,2.9,36.9,17.3,177
101.952272077736,169,28.5,3.3,34.5,18,186
102.092312089168,179,30.9,4.4,32.5,22.9,235
101.672192054873,149,30.4,3.4,30.9,16.5,195
101.140040011432,111,34.7,1.9,28.7,10.2,106
101.154044012575,112,39.3,2.1,27.7,11.6,107
101.26607602172,120,45.1,2.5,26.8,14.3,134
101.056016004573,105,45.3,2.3,26.1,13.3,117
89.3478260869565,90,46.1,1.7,25.9,10,83
86.1521739130435,87,47.6,1.5,25.3,7.6,77
58.4565217391304,61,48,0.5,25.1,2.9,50
60.5869565217391,63,50.6,0.8,24.8,5.6,60
101.014004001143,102,49.7,2.6,25.7,17.5,179
101.672192054873,149,45.5,4.9,27.4,29,300
101.644184052586,147,40,2.9,29.3,17,263
101.798228065161,158,28.7,2.8,33.6,15.6,265
101.154044012575,112,27.7,1.8,34.6,10.1,164
101.098028008002,108,27.2,1.8,35.6,11.7,122
101.26607602172,120,23.3,1.9,36.9,12,125
101.224064018291,117,20.7,1.7,38.8,11,125
101.252072020577,119,22.6,1.7,38.1,11.2,115
101.672192054873,149,23,1.9,37.1,10.5,162
102.022292083452,174,19.3,2.1,34.8,11.8,149
101.868248070877,163,20.7,2.4,33.6,13.8,161
101.840240068591,161,18.5,3,31.4,17.3,201
101.742212060589,154,23.8,2.8,29.5,14.2,209
101.322092026293,124,27.1,1.9,27.4,10.7,133
101.294084024007,122,31.1,2.1,26.1,12.7,133
101.252072020577,119,34,1.8,25.5,10.1,134
101.420120034296,131,37.8,2.5,24,13.1,164
82.9565217391304,84,37.3,1.1,24.2,7.4,72
75.5,77,40.6,0.7,23.4,4.6,50
38.6792452830189,41,43,0.4,22.6,2.8,27
65.9130434782609,68,50.7,0.7,20.2,4.5,74
66.9782608695652,69,49.3,0.7,20.5,5.9,69
101,101,48,1.8,21.4,11.1,162
101.26607602172,120,43.9,2.3,23.2,14.4,208
101.322092026293,124,40.7,1.9,25.3,11.1,168
101.168048013718,113,31.1,1.7,29.9,9.9,139
96.804347826087,97,21.3,1.3,33.9,8.8,104
93.6086956521739,94,16,1.5,36.3,9.9,99
85.0869565217391,86,15.2,1.3,36.6,7.4,89
68.0434782608696,70,15.8,0.8,37.4,6.1,57
68.0434782608696,70,15,0.8,37.9,6.2,64
80.8260869565217,82,16.8,1.1,38,7.1,65
92.5434782608696,93,17.5,1.2,36.9,8,79
88.2826086956522,89,17,1.2,35.3,7.3,80
89.3478260869565,90,20.4,1.4,31.9,8.7,81
64.8478260869565,67,29.6,1.1,29.1,7.5,59
93.6086956521739,94,33.4,1.5,27.4,9,90
101.112032009145,109,35.8,2,26.7,11.6,122
101.028008002286,103,42.7,1.9,25.2,10.2,120
101,101,51.9,2.2,24,12.3,126
69.1086956521739,71,44.4,1.1,24.5,6.4,68
69.1086956521739,71,51,1.1,22.6,7.2,65
46.2264150943396,49,56.8,0.6,21.2,4.3,38
40.5660377358491,43,59.6,0.6,20.3,3.8,31
41.5094339622642,44,56.7,0.6,21.3,4,40
39.622641509434,42,54.6,0.6,23,4.2,36
66.9782608695652,69,54.3,1.1,23.7,6.1,64
62.7173913043478,65,49.3,1,25.4,6,56
65.9130434782609,68,37.7,1,29.6,5.9,56
55.2608695652174,58,26.2,1,33.9,5.4,43
49.0566037735849,52,22.4,0.8,35.8,4.9,40
43.3962264150943,46,18.8,0.7,37.9,3.9,34
37.7358490566038,40,14.8,0.4,38.5,3.2,28
44.3396226415094,47,14.5,0.5,39.3,4.1,32
53.1304347826087,56,15.6,0.6,38.9,4,39
61.6521739130435,64,12.7,0.7,37.9,4.8,52
69.1086956521739,71,13.4,0.9,35.8,5.5,60
101.028008002286,103,19.7,1.6,32.3,9.1,104
96.804347826087,97,23.5,1.6,30.1,9.1,102
101.098028008002,108,28.7,1.7,28.2,10.1,120
86.1521739130435,87,35.7,1.3,26,7.4,89
101.04201200343,104,39.2,1.9,25.3,9.9,121
92.5434782608696,93,38.7,1.5,24.7,9,107
52.0652173913044,55,35.7,0.6,25.5,3.7,41
46.2264150943396,49,43.2,0.4,22.5,3,34
40.5660377358491,43,45.7,0.4,21.6,2.4,38
54.195652173913,57,47.3,0.7,21.1,5.6,59
78.695652173913,80,44.1,2,21.6,14.3,165
101.462132037725,134,37.9,3.9,23.7,27.7,287
101.784224064018,157,30.1,3.6,26,19.1,317
102.036296084596,175,23.2,3.2,30.6,15.9,330
101.644184052586,147,19.1,2.2,34.1,12.3,204
101.546156044584,140,18,2.2,36.2,12.2,189
101.504144041155,137,17.3,2.1,37.4,11.7,165
101.30808802515,123,15.6,1.8,39.5,10.4,139
101.518148042298,138,14.9,2,40.4,12.7,156
101.434124035439,132,16.1,1.8,40.1,11.1,130
102.022292083452,174,18.9,3,39.3,19,173
102.428408116605,203,19.9,4.3,37.3,24.1,302
102.050300085739,176,22.9,3.5,33.6,19.1,239
101.336096027436,125,28.9,2.5,30.7,13.6,139
97.8695652173913,98,32.8,1.8,28.8,10.7,92
101.028008002286,103,36.8,1.9,27.3,11.3,104
101.04201200343,104,39.7,1.9,26.2,9.6,108
101.056016004573,105,43,1.9,25.4,9.8,107
73.3695652173913,75,41,0.9,25.8,4.9,55
57.3913043478261,60,48.4,0.7,23.3,4.1,43
33.9622641509434,36,46.7,0.4,23.5,2.2,23
63.7826086956522,66,52.3,0.7,21.8,4.6,65
96.804347826087,97,52.5,1.6,21.8,10.2,165
101.196056016005,115,49.1,3.8,22.9,23.3,274
101.6161760503,145,43.3,5.1,24.9,31,369
101.854244069734,162,39.4,3.4,26.7,17.6,308
101.644184052586,147,32.9,2.6,30.5,14.3,227
101.434124035439,132,27.2,2.2,34.2,13.7,178
102.092312089168,179,20.9,3.4,38.2,19.3,267
102.022292083452,174,16.9,3.4,39.6,19.3,278
101.434124035439,132,15.8,1.8,39.9,11.3,165
101.700200057159,151,13.9,2,40.2,12.7,172
101.938268076593,168,13.2,2.4,39.6,15.3,216
102.27436410403,192,12.6,3.8,39.5,22.5,306
102.302372106316,194,13.9,4.4,37.9,25,317
101.756216061732,155,17.9,3.9,34.2,21.1,251
101.812232066305,159,20.6,4,32.6,23.8,230
101.336096027436,125,23.2,2.5,30.4,14.9,154
101.098028008002,108,25.1,2.1,28.8,12.8,137
101.126036010289,110,29.9,2.4,27.8,14.3,133
98.9347826086957,99,32.6,2.1,26.9,14.3,117
94.6739130434783,95,33.7,1.6,26.3,9.2,106
66.9782608695652,69,33.9,0.8,25.7,5.1,55
42.4528301886792,45,34.6,0.4,25.5,2.6,27
50,53,37.8,0.5,24,4,46
87.2173913043478,88,39.3,1.3,23.9,9.9,144
101.490140040011,136,38.4,4.1,24.8,27.3,392
101.560160045727,141,34.4,4.1,26.9,27.9,358
102.2323521006,189,28.7,4,29.6,24.5,381
101.910260074307,166,21.1,2.2,34.6,14.2,261
101.742212060589,154,17,2,38.3,11.9,207
101.672192054873,149,14.5,2,40.4,13.1,155
101.574164046871,142,9.6,2.2,42.6,15.1,193
101.406116033152,130,10.2,2.2,42.5,14.1,195
101.280080022864,121,11.6,1.8,41,11.3,159
101.210060017148,116,13,1.8,41.3,10.8,120
102.064304086882,177,14.5,3.3,39.2,21.5,228
102.8485281509,233,17.9,4.3,36.9,21.8,348
102.708488139468,223,20.4,5.3,35.6,29.8,337
102.162332094884,184,22.6,4.3,33.7,22.5,282
101.896256073164,165,27.8,3.6,31.5,21.8,228
101.434124035439,132,29.3,2.4,31.1,17.1,168
101.294084024007,122,30.9,2.1,30.2,15.4,173
87.2173913043478,88,30.2,1.2,29.8,10.2,87
77.6304347826087,79,32.5,0.9,28.4,7.2,65
57.3913043478261,60,34,0.6,27.5,5.8,43
72.304347826087,74,38.8,0.6,25.6,5.4,66
59.5217391304348,62,34.6,0.6,27.5,6.2,57
101.196056016005,115,37.4,2.2,25.9,16.9,231
101.252072020577,119,32.5,3.2,28.5,23.2,219
101.756216061732,155,32.7,3,29.5,18,288
101.854244069734,162,33.1,2.7,29.8,17.6,312
102.2323521006,189,26.8,3.2,33.4,20.3,361
101.196056016005,115,15.8,1.4,40.3,10.6,147
101.112032009145,109,15,1.3,41.8,9.9,111
101.098028008002,108,15.7,1.4,41.1,10.7,98
101.6161760503,145,14.8,2.1,41.9,16.5,156
101.92426407545,167,14.6,2.4,40.9,16.9,213
102.386396113175,200,16.9,3.1,39.1,20.5,250
102.078308088025,178,27.3,3.5,36.4,19.4,253
102.470420120034,206,29.3,5.1,34.9,30,317
102.27436410403,192,26.4,4.5,33.6,24.6,309
101.504144041155,137,27.6,2.9,32.2,16.9,201
101.378108030866,128,29.7,2.6,30.5,15.8,173
101.280080022864,121,35.6,2.7,29.4,16.6,156
101.490140040011,136,34.8,3.2,29.1,19.5,190
101.112032009145,109,41.9,2.3,27.7,16.6,129
72.304347826087,74,41.6,1,27.9,6.2,65
37.7358490566038,40,42.2,0.4,27.4,2.3,29
58.4565217391304,61,42.8,0.6,26.6,3.9,58
81.8913043478261,83,40.3,1,26.9,7.2,92
101.392112032009,129,37.3,2.9,27,18.1,228
101.196056016005,115,32,1.8,27.4,9.7,154
101.406116033152,130,24.7,1.8,30.5,9.4,166
101.504144041155,137,20.1,1.7,32.9,9.6,149
101.210060017148,116,18.4,1.5,33.9,9.5,111
101.392112032009,129,19.3,1.7,34.4,9.6,145
101.224064018291,117,19.6,1.3,34.2,9.6,105
101.518148042298,138,20.4,1.5,33.2,10.3,113
101.532152043441,139,19.1,1.5,32.4,10.2,115
102.106316090312,180,17.1,2.3,32.2,14,202
101.854244069734,162,17.1,2.2,31,14,180
101.798228065161,158,24.9,2.8,28.3,16.6,190
101.854244069734,162,30.2,2.7,26.6,13.6,207
101.154044012575,112,36.8,1.7,24.8,10.2,113
101.04201200343,104,43.4,1.5,23.7,9.5,98
101.336096027436,125,46.2,2.3,23,11.8,152
101.364104029723,127,47.7,2.3,22.7,13,161
94.6739130434783,95,49.5,1.5,22.2,9.6,91
68.0434782608696,70,51.9,1,21.6,6.7,57
31.1320754716981,33,49.7,0.3,22.4,2.6,22
42.4528301886792,45,52,0.4,21.7,4,41
53.1304347826087,56,53.2,0.5,21.1,4.3,53
72.304347826087,74,51,0.9,22,5.9,92
82.9565217391304,84,41.6,1.1,25,6.8,91
92.5434782608696,93,36.4,1.4,26.7,8.8,89
96.804347826087,97,29.7,1.1,29.1,6.7,81
81.8913043478261,83,23.4,0.9,31.2,6.4,66
69.1086956521739,71,20.5,0.8,32.4,6,53
76.5652173913043,78,19.2,0.8,33.3,6,61
59.5217391304348,62,16.8,0.6,33.1,5,48
51,54,18.3,0.6,33.1,4.4,39
56.3260869565217,59,18,0.5,32.4,4.4,41
66.9782608695652,69,18.7,0.7,31.8,5.5,48
64.8478260869565,67,21.4,0.8,30.3,5.8,50
55.2608695652174,58,28.2,0.9,27.2,5.3,51
75.5,77,33.7,1.3,26.1,8,70
93.6086956521739,94,38.8,1.3,24.7,7.2,89
96.804347826087,97,43.2,1.4,23.4,8,100
101.126036010289,110,44.2,1.9,23.1,10.4,139
101.210060017148,116,45.3,2.3,22.7,11.6,176
72.304347826087,74,47.5,1,21.6,6.4,71
48.1132075471698,51,45.8,0.5,22,4.1,37
37.7358490566038,40,50.3,0.4,20.6,2.7,30
33.9622641509434,36,50.6,0.3,20.6,2.6,29
33.0188679245283,35,48.8,0.2,21.3,2.3,25
45.2830188679245,48,52.6,0.4,20.4,3.1,40
35.8490566037736,38,44,0.3,23.5,3.1,32
51,54,37.9,0.6,25.7,4,43
54.195652173913,57,33.6,0.6,27.9,4.6,44
51,54,28.3,0.6,29,3.9,35
43.3962264150943,46,25.9,0.5,29.5,3.8,32
33.9622641509434,36,22.3,0.4,31.8,2.8,21
17.9245283018868,19,20,0.2,32.2,2.5,10
32.0754716981132,34,19.3,0.4,32.4,3,22
60.5869565217391,63,17.7,0.6,33,4.7,46
85.0869565217391,86,19.8,0.9,32,5,66
62.7173913043478,65,24.1,0.7,29.6,4.5,49
101,101,27.1,1.2,26.9,7.7,86
101.210060017148,116,30.9,1.6,25.3,9.7,111
101.322092026293,124,35.9,1.8,24.2,11,143
101.490140040011,136,43.2,2.4,23.2,11.8,184
101.098028008002,108,43.9,1.5,22.7,8.7,134
80.8260869565217,82,44,0.9,21.6,7.5,78
65.9130434782609,68,46.4,0.8,20.7,5.7,50
20.7547169811321,22,46.2,0.2,21.2,2,13
40.5660377358491,43,51.8,0.5,20,3.3,43
82.9565217391304,84,57.4,1.4,18.5,9.4,146
101.098028008002,108,54.3,3.3,19.6,21.1,333
101.154044012575,112,49.7,3.6,21.3,17.2,298
101.04201200343,104,46.3,1.7,21.7,8.5,178
101.084024006859,107,39.4,1.5,23.4,6.8,177
101.014004001143,102,33,1.6,25.7,7.4,172
101.04201200343,104,27.3,2.1,28.5,12.1,183
95.7391304347826,96,27.9,2.1,27,9.6,164
78.695652173913,80,36.9,1.6,24.2,7.4,122
70.1739130434783,72,34.9,1.3,26,6.4,105
101.070020005716,106,33.1,1.6,24.8,8.3,144
101.252072020577,119,36.3,3.1,24,14,220
101.252072020577,119,35.5,3.3,23.6,15.3,207
101.378108030866,128,35.7,3.4,23.6,15.4,210
101.154044012575,112,34.5,2.8,23.3,10.9,175
94.6739130434783,95,36.8,1.5,22.5,7.5,117
84.0217391304348,85,38.7,1.3,21.3,5.2,93
101,101,39.4,1.6,20.9,7.1,118
93.6086956521739,94,47.7,1.5,19.8,7.6,132
74.4347826086957,76,51.4,1,19.3,5,88
47.1698113207547,50,53.4,0.5,18.4,2,43
48.1132075471698,51,59.8,0.6,16.3,2.5,44
39.622641509434,42,56.8,0.7,16.6,3.3,50
59.5217391304348,62,57.4,1.3,16.2,7.3,101
101.140040011432,111,54.3,4,17.3,23.8,339
101.392112032009,129,48.8,5,19.2,27.6,379
101.476136038868,135,42.4,3.6,21.7,16.7,321
101.532152043441,139,29.9,2.8,26.4,14.3,272
101.462132037725,134,19.1,2.6,31.3,13.3,278
101.560160045727,141,15.4,2.7,33.7,14.5,253
101.154044012575,112,13.3,2.3,34.5,11.5,187
101.056016004573,105,13.9,2,33.8,10.8,149
70.1739130434783,72,19.4,1.3,30.1,6.4,89
89.3478260869565,90,21.3,1.7,28.3,8.8,124
101.35010002858,126,18.3,2.8,31.9,14.3,206
101.742212060589,154,20.1,3.8,32,19.4,241
102.008288082309,173,24.1,4.9,28.9,27.1,303
101.854244069734,162,27.1,4.3,27.3,19.7,294
101.378108030866,128,28.5,2.6,26,13.6,203
101.26607602172,120,28.6,2.4,25.2,12.1,176
101.140040011432,111,31.1,1.9,24.3,11,155
88.2826086956522,89,33.8,1.4,23.6,8.8,108
66.9782608695652,69,33.8,1.1,23,6.7,72
68.0434782608696,70,38.4,0.9,22.2,6.3,65
56.3260869565217,59,42.3,0.5,20.5,2.9,39
71.2391304347826,73,49,0.8,18.8,5,79
88.2826086956522,89,49.4,1.3,18.8,9.9,140
101.574164046871,142,46.5,4.7,19.9,27.5,427
101.6161760503,145,41.7,4.6,22.1,30.4,366
101.770220062875,156,36.4,3.7,24,19.8,311
101.65818805373,148,22.8,2.8,30.2,15.7,275
101.294084024007,122,17.1,1.8,33.4,11.3,195
101.070020005716,106,15,1.9,35.1,12.6,144
101.070020005716,106,16,2,34.1,11.9,162
101.364104029723,127,13.6,2,35.7,14.4,200
101.168048013718,113,13.8,2.1,35.3,12.4,176
101.490140040011,136,16.7,2.1,32.3,11.7,203
101.728208059446,153,13.3,3.2,36,18.4,237
101.994284081166,172,13.7,4,35.8,22.9,263
102.246356101743,190,18.4,4.6,32.3,25,300
101.826236067448,160,25,3,29.7,15.5,189
101.812232066305,159,26.6,2.9,27.8,16.7,185
101.30808802515,123,27.3,1.9,26.3,11.2,134
101,101,30,1.4,25.3,9,96
101.210060017148,116,34.9,2.1,24,12.1,122
78.695652173913,80,38.6,1.2,23.4,8.9,64
48.1132075471698,51,38.3,0.6,23.5,3.7,30
43.3962264150943,46,45.6,0.4,21.4,3.1,36
61.6521739130435,64,47.1,0.7,21.1,5.7,58
101.098028008002,108,48.4,2.3,21.3,15.6,168
101.700200057159,151,47.9,4,22.9,25.2,306
101.728208059446,153,45.5,2.8,24.4,15.4,231
101.210060017148,116,38,1.6,27.6,8.4,157
101.210060017148,116,29.6,1.6,31.1,8,132
101.406116033152,130,24.7,2,33.4,12.1,136
101.420120034296,131,18.9,2,35.7,12.6,127
101.420120034296,131,18.1,1.7,36.2,10.6,125
101.476136038868,135,17.7,2,37.1,12.6,138
101.714204058302,152,18.1,2.2,36.5,14.3,163
102.358388110889,198,19.1,3.2,35.5,20.3,259
102.148328093741,183,20,3.6,33.7,20.5,236
102.036296084596,175,22.7,3.8,30.5,22.1,245
102.288368105173,193,26.2,4.8,28.7,23.8,344
101.546156044584,140,28.9,2.8,26.7,14.7,188
101.378108030866,128,31.6,2.6,25.7,15.1,149
100,100,35.7,1.9,24.5,10.8,102
96.804347826087,97,36.3,1.7,24.3,10.2,99
64.8478260869565,67,36.9,1,23.8,6.5,48
55.2608695652174,58,37.3,0.7,23.7,3.9,36
42.4528301886792,45,42.2,0.4,21.6,2.1,30
59.5217391304348,62,46.8,0.6,20.3,3.4,56
56.3260869565217,59,45.9,0.7,20.7,4.7,51
101.014004001143,102,47.7,2.4,20.5,15.8,172
101.742212060589,154,46.6,4.4,22.4,26.6,316
101.784224064018,157,48.5,3.1,24.2,14.8,269
101.518148042298,138,33,2,28.8,9.3,196
101.574164046871,142,25.2,2.1,32.8,12,206
101.336096027436,125,19.9,2.1,34.4,10.9,156
101.26607602172,120,16.7,2.1,36.5,11.9,120
101.686196056016,150,14.3,2.2,37.5,13.2,161
101.26607602172,120,15.5,1.6,38,8.9,114
102.008288082309,173,16.5,2.4,38.1,13,191
102.204344098314,187,17.3,3.3,37.3,18.2,236
102.470420120034,206,17.7,4,35.9,23.7,287
102.204344098314,187,21.5,4.1,32.4,21.6,266
101.96627607888,170,25.6,4.2,30.3,21.6,274
101.672192054873,149,27.8,2.9,28.5,16.5,196
101.322092026293,124,30.5,2.3,26.9,12.3,144
101.252072020577,119,33.5,2.2,25.7,13.6,142
101.098028008002,108,36.9,2.1,24.7,12.8,124
92.5434782608696,93,39.2,1.6,23.6,9.4,93
75.5,77,43,1.2,22.2,8.3,71
74.4347826086957,76,45.9,0.9,21.3,4.6,56
55.2608695652174,58,45,0.6,21.6,3.6,46
60.5869565217391,63,46.5,0.7,21.3,5,51
73.3695652173913,75,46.9,1.3,21.1,8.2,83
101.140040011432,111,43,2,22.8,10.7,175
101.210060017148,116,38.3,1.9,25,10.3,148
101.518148042298,138,26.9,2.2,30.9,12.9,167
101.224064018291,117,19.2,1.9,35.1,11,120
93.6086956521739,94,17.2,1.5,36.9,8.3,78
90.4130434782609,91,13.9,1.4,39.3,8.2,76
57.3913043478261,60,12.6,1,40.3,5.2,45
63.7826086956522,66,13.5,1,39.7,4.6,54
86.1521739130435,87,13.1,1.4,41.1,7.2,70
101.070020005716,106,14.9,1.6,40.1,9.4,87
93.6086956521739,94,17,1.6,37.4,8,69
101.154044012575,112,19.2,2.1,34,10.7,95
101.26607602172,120,21.6,2,31.7,9.6,107
101.070020005716,106,24.2,1.9,29.7,8.7,88
101.154044012575,112,27.6,2.3,27.9,11.6,100
101.26607602172,120,29.9,2.4,26.8,11.8,125
101.182052014861,114,33,2.2,25.8,10.5,132
68.0434782608696,70,33.1,1.2,26.3,5.5,57
61.6521739130435,64,38.1,1.1,24.3,5.5,46
47.1698113207547,50,45.6,0.6,21.1,3.4,33
59.5217391304348,62,48.5,0.7,20.2,4.1,50
50,53,45.5,0.4,21.3,4.1,39
84.0217391304348,85,31,0.6,22.6,4.7,84
101.014004001143,102,34.8,0.9,25.7,7.1,93
96.804347826087,97,23.8,0.9,31.6,7.4,82
90.4130434782609,91,16.3,0.8,36.3,7.3,73
59.5217391304348,62,15,0.4,37.9,4.2,43
54.195652173913,57,13.7,0.3,39.4,4.1,39
37.7358490566038,40,12.3,0.1,40.2,3.8,27
57.3913043478261,60,11.9,0.5,41.3,5.8,46
68.0434782608696,70,11.8,0.4,41.4,5.6,53
50,53,13.6,0.3,40.1,4.8,38
51,54,16.4,0.4,37.6,5.3,39
55.2608695652174,58,20.3,0.6,33.9,6.1,49
71.2391304347826,73,22.9,0.8,31.6,7.4,68
98.9347826086957,99,24.8,1.2,29.7,9,102
101.014004001143,102,27,1.6,29,11.7,123
101,101,30.4,1.2,27.9,11,106
75.5,77,30.6,0.5,28,6,66
52.0652173913044,55,32.3,0.3,26.8,4.3,43
48.1132075471698,51,33,0.1,26.6,2.8,33
47.1698113207547,50,42.8,0.1,22.2,2.9,33
73.3695652173913,75,46.3,0.3,21.2,4.1,75
88.2826086956522,89,46.5,0.8,21.4,8.3,111
101.154044012575,112,43,2.3,22.9,16.6,250
101.574164046871,142,38.6,3.4,25.2,25.6,313
101.6161760503,145,34.9,2.5,27.1,17.7,263
101.896256073164,165,24.8,2.4,32.4,16.2,282
101.812232066305,159,18,2.1,36.8,15.1,226
101.546156044584,140,18.8,4.1,39.6,17,124
101.868248070877,163,25.5,3.8,36.1,21.5,165
101.602172049157,144,29.9,3.4,33.3,18.6,164
101.26607602172,120,33.2,2.9,31.2,15.3,122
101.26607602172,120,35.8,3.1,30.1,17,134
101.070020005716,106,39.1,3.5,28.9,14.4,121
94.6739130434783,95,43.3,2.4,27.8,13.6,112
68.0434782608696,70,46.1,1.6,26.9,9.6,62
64.8478260869565,67,47.1,1.3,26.4,6.4,50
68.0434782608696,70,55.4,1,23.8,5.4,72
47.1698113207547,50,50.6,0.8,24.9,4.1,48
57.3913043478261,60,49.2,1.1,25,6.3,58
101.364104029723,127,50.9,4.4,24.7,26.9,306
102.246356101743,190,29.9,3.3,34,19.9,266
101.364104029723,127,22.9,2.1,37.3,12.6,159
101.406116033152,130,19,2.1,40.1,14,144
101.336096027436,125,15.8,2,42,12.2,117
101.168048013718,113,14.3,1.5,42.8,11.1,108
101.588168048014,143,13,2.1,44.3,14.3,153
101.784224064018,157,12.6,2.3,44.6,15.1,166
101.96627607888,170,14.8,2.8,43.4,18.6,179
102.204344098314,187,18.2,3.6,40.6,22,225
102.120320091455,181,21.3,4,37.1,23,261
101.798228065161,158,25.5,3.7,34.5,21.1,228
101.154044012575,112,30.4,2.5,32.2,15,137
100,100,35.4,2.3,30.4,13.6,116
101.056016004573,105,38.7,2.5,29.4,14.6,143
101.084024006859,107,38.7,2.7,28.6,16.3,157
70.1739130434783,72,40.5,1.3,27.7,8.8,72
56.3260869565217,59,39.8,0.8,28,6,42
52.0652173913044,55,45.8,0.5,25.6,3.9,34
68.0434782608696,70,51.5,0.8,23.6,5.8,74
56.3260869565217,59,46.5,1,25.1,8.2,75
94.6739130434783,95,48.3,2.9,24.5,20.1,199
101.26607602172,120,42.8,3.8,26.6,25.5,262
101.448128036582,133,37.6,3.5,29,21.6,236
101.448128036582,133,28.5,2.4,34.2,15.5,186
101.26607602172,120,22.9,1.8,37.3,11.2,132
101.434124035439,132,17.5,2.1,40.1,15.4,140
101.476136038868,135,14.6,2.1,42.2,14.6,143
101.280080022864,121,15.2,1.5,41.9,12.5,99
101.30808802515,123,13.8,1.5,43.1,12.3,107
101.392112032009,129,13.8,1.8,42.8,13.2,130
101.392112032009,129,16.5,2.1,41.1,14.7,133
101.770220062875,156,20.3,3,38.7,19.9,188
101.420120034296,131,24.1,2.8,35.8,19.1,155
101.196056016005,115,28.3,2.5,33.1,14.8,154
77.6304347826087,79,33.9,1.4,30.1,8.6,95
85.0869565217391,86,36.6,1.7,29,11,110
90.4130434782609,91,38.4,1.8,28.5,13,116
98.9347826086957,99,39.9,2.4,27.8,15.2,153
81.8913043478261,83,42.8,1.9,27,12.1,111
72.304347826087,74,44.5,1.4,26.4,9.9,79
61.6521739130435,64,48.5,0.7,25.1,6.3,47
58.4565217391304,61,52.2,0.8,24.6,5.5,61
59.5217391304348,62,50.5,0.7,24.4,5.8,56
62.7173913043478,65,49.1,1,25.2,8.1,69
77.6304347826087,79,50.8,1.7,26.6,10,109
89.3478260869565,90,46.9,1.9,28,9.9,111
101.210060017148,116,34.5,2.3,32.7,13.1,150
88.2826086956522,89,26.5,1.7,36.6,9.2,87
65.9130434782609,68,26.3,1.3,37.8,6.7,64
50,53,27.1,1.2,38.3,6.5,47
32.0754716981132,34,32.4,0.8,35.4,3.4,34
35.8490566037736,38,28.8,0.9,37.3,3.8,37
50,53,28.2,1.1,36.6,5.2,49
59.5217391304348,62,29.6,1.2,35.1,6,54
80.8260869565217,82,33.4,1.3,32.3,6,70
87.2173913043478,88,37.9,1.4,29.9,5.6,76
68.0434782608696,70,41.9,1.2,28.2,4.4,59
50,53,45.9,0.9,27.2,3.7,44
54.195652173913,57,45.7,1.1,27.3,5,47
71.2391304347826,73,47.1,1.5,27,7.1,71
81.8913043478261,83,69.3,1.7,23.7,7.9,90
49.0566037735849,52,63.5,0.9,23.8,3.7,45
49.0566037735849,52,56.9,0.7,24.7,3.6,44
16.0377358490566,17,69.1,0.3,22.5,1.3,10
26.4150943396226,28,64.4,0.4,23.4,1.7,19
27.3584905660377,29,57.9,0.4,24.4,1.5,20
34.9056603773585,37,56.9,0.5,24.5,1.6,30
29.2452830188679,31,54.8,0.5,24.9,1.7,24
43.3962264150943,46,47.4,0.7,27,2.7,35
63.7826086956522,66,43.7,0.9,27.6,3.6,48
51,54,42.6,0.8,28.2,3,41
47.1698113207547,50,40.8,0.8,29.1,2.9,37
41.5094339622642,44,38.6,0.7,29.8,2.5,32
49.0566037735849,52,34.5,0.8,31.5,3.1,43
34.9056603773585,37,36.3,0.7,31.2,2.3,28
48.1132075471698,51,41.3,0.8,30,3,38
76.5652173913043,78,47.5,1.2,27.6,4,72
89.3478260869565,90,41.3,1.6,28.8,6.3,89
101.126036010289,110,41.6,1.6,28.5,6.6,103
85.0869565217391,86,43.4,1.5,27.7,7.3,77
87.2173913043478,88,44.1,1.5,27.3,6.8,84
90.4130434782609,91,45.5,1.5,26.9,6.3,82
92.5434782608696,93,47.2,1.5,26.6,5.9,81
65.9130434782609,68,48,1.2,26,4.8,50
45.2830188679245,48,45.7,0.8,26.2,2.9,30
46.2264150943396,49,54.6,0.8,23.7,4.7,40
69.1086956521739,71,58.8,1.2,22.6,7.3,72
69.1086956521739,71,53.4,1,24,6.4,68
85.0869565217391,86,51,1.5,25.2,9.2,89
101.336096027436,125,47.1,2.8,27.3,12.5,151
101.826236067448,160,33.4,3.4,32.8,15.7,215
102.022292083452,174,28,3.3,36,15.9,196
101.630180051443,146,23.8,2.9,38.5,14.6,161
101.364104029723,127,20.5,2.2,39.8,11.7,120
101.182052014861,114,22,1.6,38.1,7.4,88
62.7173913043478,65,20,0.9,40,6.1,38
75.5,77,19.8,1.1,40.4,6.9,47
65.9130434782609,68,20.7,1,39.1,6.2,40
91.4782608695652,92,24.3,1.3,37.3,8.1,58
101.04201200343,104,30.9,1.6,34,10.2,71
101.182052014861,114,34.5,1.8,31.8,10.7,90
101.056016004573,105,37.7,2.2,30.1,13,95
84.0217391304348,85,42.3,1.8,28.6,11.4,85
91.4782608695652,92,44.6,2.3,27.7,13.3,119
80.8260869565217,82,47.5,2,26.6,11.2,106
68.0434782608696,70,50.7,1.8,25.7,9.8,77
37.7358490566038,40,53.9,0.9,25.1,6.2,28
24.5283018867925,26,63.6,0.6,23.5,4,21
19.811320754717,21,59.4,0.4,24.3,2.6,17
28.3018867924528,30,62,0.4,23.3,2.6,24
19.811320754717,21,63.1,0.4,24.1,2.9,19
33.0188679245283,35,60.7,0.8,25,4.2,39
33.9622641509434,36,52.4,0.8,27.3,5.5,46
45.2830188679245,48,37.3,0.9,32.4,5.8,53
36.7924528301887,39,31.3,0.7,35.4,4.5,32
32.0754716981132,34,28.2,0.6,37.4,4.3,30
31.1320754716981,33,20.2,0.5,39.2,3.5,24
39.622641509434,42,18.5,0.6,38.1,3.5,34
84.0217391304348,85,17.7,0.7,40.2,3.9,63
91.4782608695652,92,19.1,0.9,39.7,4.7,69
82.9565217391304,84,19.8,0.9,38.5,5.3,61
100,100,24.6,1.2,36.6,6.4,73
94.6739130434783,95,32.7,1.4,33.1,8,75
75.5,77,38.7,1.5,30.7,9.2,69
84.0217391304348,85,42.7,1.7,29.5,9.1,71
81.8913043478261,83,52.6,1.7,27.8,9.1,73
87.2173913043478,88,55.5,1.7,27.4,9.5,86
65.9130434782609,68,57.1,1.9,27.3,9.1,65
96.804347826087,97,60.1,1.2,26.7,5,74
48.1132075471698,51,61.6,0.7,26.2,3.7,45
4.71698113207547,5,61.8,0.2,25.5,1.6,2
33.0188679245283,35,62.4,0.4,25.1,2.7,29
53.1304347826087,56,62.7,0.8,24.6,5.6,42
101.126036010289,110,58.9,1.9,25.7,13,146
101.322092026293,124,50.7,1.9,28.4,11.5,163
101.196056016005,115,36.9,1.9,32.7,11.1,144
101.252072020577,119,32.7,1.9,34,11,125
101.084024006859,107,29.2,1.7,35.6,10.7,90
98.9347826086957,99,25.6,1.4,37.1,8.5,76
94.6739130434783,95,26.4,1.2,36.1,8.7,73
101.056016004573,105,23.8,1.4,37.9,9.4,73
101.224064018291,117,22.2,1.4,38,9.5,80
101.784224064018,157,22.7,1.9,36.9,12.9,121
102.008288082309,173,25.7,2.2,35.5,13.7,129
101.532152043441,139,32.2,1.9,32.8,12.2,103
101.210060017148,116,38.2,1.7,30.5,11.8,87
90.4130434782609,91,43.5,1.2,28.8,9.9,58
97.8695652173913,98,46.2,0.3,28,10.7,64
92.5434782608696,93,49.4,0.1,27.1,9.4,58
72.304347826087,74,52.2,0.1,26.4,8.1,44
54.195652173913,57,75.5,0.7,21.4,4.4,65
53.1304347826087,56,74.9,1.2,21.9,7.7,94
70.1739130434783,72,75.9,2.3,22,13.6,205
82.9565217391304,84,74.9,3,22.5,19.1,240
96.804347826087,97,66.2,2.9,24.5,16.3,237
101.084024006859,107,61.2,2.6,25.6,14.2,245
101.224064018291,117,48.4,2.6,29.3,15.6,206
101.26607602172,120,36,2.6,33.5,14.4,156
101.126036010289,110,29.8,2.1,35.6,10.5,126
101.04201200343,104,33.4,1.7,33.7,10.2,108
101.126036010289,110,33.3,1.9,34.1,10.7,102
101.140040011432,111,43.5,2.5,31.5,11.6,110
61.6521739130435,64,40.6,1.1,32.5,7.9,57
91.4782608695652,92,45.2,2.1,29.8,11.7,109
101.182052014861,114,49.9,2.6,27.7,14.6,151
101.210060017148,116,54.6,2.6,26.4,13.2,153
93.6086956521739,94,58,1.7,25.5,9.8,103
75.5,77,59.9,1.5,25.1,8.8,76
72.304347826087,74,63.5,1.8,24.1,10.4,93
59.5217391304348,62,65,1.4,23.8,8.5,75
54.195652173913,57,64.9,1.2,23.4,6.4,57
42.4528301886792,45,58.6,0.7,24.4,3.4,32
46.2264150943396,49,67.1,0.7,21.9,2.9,42
42.4528301886792,45,61.2,0.5,23.6,2.3,37
41.5094339622642,44,63.4,0.6,22.6,3.3,44
40.5660377358491,43,62.6,0.9,22.9,5.1,51
48.1132075471698,51,61.8,1.2,23.3,7.7,74
82.9565217391304,84,56.2,2,25.4,10.5,115
95.7391304347826,96,41.9,1.9,30.6,10.9,109
87.2173913043478,88,34,1.7,33.5,8.4,80
64.8478260869565,67,29.8,1.2,35.5,6,57
61.6521739130435,64,24.7,1.1,37.5,6,56
51,54,25.2,1,35.1,4.7,43
53.1304347826087,56,21.1,1,38.1,5.3,43
65.9130434782609,68,21.8,1,38.5,5.8,51
64.8478260869565,67,29.5,1.2,36.8,6.5,46
94.6739130434783,95,33.4,1.6,34.9,8.4,71
85.0869565217391,86,37.4,1.6,32.2,8.3,65
92.5434782608696,93,41.7,1.6,29.7,8.4,78
65.9130434782609,68,47.4,1.3,27.7,6.4,51
94.6739130434783,95,49.4,1.9,27.3,10.3,84
92.5434782608696,93,51.3,1.9,26.3,10.9,89
66.9782608695652,69,54.1,1.5,25.7,7.4,65
52.0652173913044,55,55.1,1.1,25.4,5.8,43
36.7924528301887,39,57.3,0.8,24.9,4.5,32
31.1320754716981,33,61.2,0.6,23.9,2.4,22
27.3584905660377,29,61.3,0.6,23.8,2.4,21
33.9622641509434,36,61.7,0.7,23.4,2.6,27
35.8490566037736,38,58.4,0.6,24.3,2.8,31
44.3396226415094,47,56.6,1,25.1,4.5,46
61.6521739130435,64,51.3,1.2,27.3,5.2,62
46.2264150943396,49,45.9,1,29.5,4.2,43
61.6521739130435,64,52.4,1.3,27.6,4.8,53
77.6304347826087,79,68,1.4,25.4,4.6,87
42.4528301886792,45,40.3,0.8,32.2,3.6,36
28.3018867924528,30,38.9,0.6,31.6,2.6,21
33.0188679245283,35,37.3,0.7,33,3,27
34.9056603773585,37,32.1,0.8,35.1,3.6,29
43.3962264150943,46,31.1,0.9,35,4.1,38
51,54,32.1,1,33.8,5,41
77.6304347826087,79,38.8,1.5,31.1,6.5,66
77.6304347826087,79,46.1,1.5,29,7.3,63
97.8695652173913,98,50.6,1.7,28.1,8.1,88
92.5434782608696,93,54.7,1.9,27.1,10.4,87
88.2826086956522,89,56.4,1.7,26.6,9,86
54.195652173913,57,60.4,1.2,25.8,6.5,49
48.1132075471698,51,61.6,1.1,25.5,6.3,40
36.7924528301887,39,63.5,0.8,24.9,4.4,27
43.3962264150943,46,68,0.7,23.2,3.7,58
52.0652173913044,55,67.5,1.2,23.2,7.4,87
60.5869565217391,63,63.3,2.3,24.3,15.1,143
39.622641509434,42,59.7,2.5,25.5,15.1,96
4.71698113207547,5,52.5,2.4,27.7,14.7,16
36.7924528301887,39,38.9,1.4,31.8,9.8,54
36.7924528301887,39,34.1,1.2,32.7,8,42
69.1086956521739,71,31.5,1.6,34.3,8.3,72
62.7173913043478,65,31.5,1.4,34.2,7.7,54
69.1086956521739,71,32.3,1.2,33.9,6.7,52
70.1739130434783,72,31.9,1.5,34.4,7.5,64
94.6739130434783,95,41.7,1.9,29.8,8.6,81
72.304347826087,74,45.9,1.6,28.8,9.7,59
74.4347826086957,76,51.1,1.5,28.2,9.1,69
63.7826086956522,66,54.4,1.4,27.5,9.1,58
46.2264150943396,49,55,1,27.4,7,33
27.3584905660377,29,51.6,0.7,28.1,4.9,17
10.377358490566,11,56.5,0.5,26.3,3.5,6
23.5849056603774,25,63.6,0.5,24.4,3.2,20
32.0754716981132,34,67.4,0.7,23.5,4.7,58
39.622641509434,42,65.7,1.2,23.4,7.6,106
44.3396226415094,47,61.3,2.2,24.5,14.7,143
59.5217391304348,62,55.8,2.9,26,18.7,167
79.7608695652174,81,48.5,2.6,28.5,14.8,188
89.3478260869565,90,35.7,2.6,33.6,14.5,164
94.6739130434783,95,28.9,2.2,36.5,12.7,128
85.0869565217391,86,23.7,1.5,39,9.2,88
61.6521739130435,64,23.7,0.9,38.8,4.8,51
59.5217391304348,62,24,1,38,5.4,52
73.3695652173913,75,23.3,1.1,40.5,7.2,59
87.2173913043478,88,25.4,1.2,39.8,6.7,67
101.35010002858,126,23.3,1.8,39.6,9.7,105
95.7391304347826,96,24.7,1.8,38.8,10.9,91
77.6304347826087,79,35.9,1.7,34.7,10.6,69
64.8478260869565,67,43.6,1.7,32.3,9.7,65
59.5217391304348,62,48.1,1.6,30.7,8.6,58
61.6521739130435,64,50.6,1.7,29.5,10.2,67
60.5869565217391,63,52,1.8,28.8,10.5,64
57.3913043478261,60,55,1.5,28.2,8.8,65
46.2264150943396,49,59.1,1.2,27.2,6.6,47
33.9622641509434,36,60.7,0.8,26.7,5.3,29
22.6415094339623,24,61.6,0.5,26.4,3.2,16
30.188679245283,32,63.6,0.7,25.9,3.5,50
39.622641509434,42,63.7,1.1,26.1,7.2,78
39.622641509434,42,60.5,1.4,26.8,9.5,89
48.1132075471698,51,56.5,1.7,27.9,11.1,97
55.2608695652174,58,51.1,1.8,29.8,9.7,93
64.8478260869565,67,41,1.8,33.6,9.5,105
65.9130434782609,68,38.1,1.7,35.1,8.3,89
53.1304347826087,56,34.9,1.3,36.2,6,63
44.3396226415094,47,30.7,1.3,38,5.8,52
43.3962264150943,46,30.8,1,36.6,5.1,48
47.1698113207547,50,25.4,1,38.8,4.5,50
62.7173913043478,65,25.8,1.4,38.7,6.6,80
66.9782608695652,69,29.9,1.6,37.4,8,78
60.5869565217391,63,31.1,1.4,36.2,7.6,64
66.9782608695652,69,34.5,1.7,33.8,10.1,84
54.195652173913,57,40.7,1.4,31.4,7.8,72
56.3260869565217,59,45,1.5,30.8,8.4,70
51,54,50,1.4,29.4,7.7,59
54.195652173913,57,54.1,1.5,28.1,7.6,63
43.3962264150943,46,57.8,1.6,27.3,7.9,58
62.7173913043478,65,60.6,1.2,26.7,6.3,68
59.5217391304348,62,64.5,0.9,25.9,3.8,57
34.9056603773585,37,64.6,0.7,25.8,4.2,47
38.6792452830189,41,60.6,0.7,26.5,4.5,39
57.3913043478261,60,61.7,1.7,26.4,11,87
62.7173913043478,65,60.1,2.2,27.5,14.1,122
69.1086956521739,71,53.1,1.9,29.4,9.5,122
58.4565217391304,61,39.9,1.5,33.4,6.9,101
62.7173913043478,65,39.2,1.6,33.2,7.2,92
51,54,35.1,1.3,34.5,5.5,70
55.2608695652174,58,30.5,1.1,37.1,5.1,58
53.1304347826087,56,32.1,1,35.9,5,44
57.3913043478261,60,28,1,37.3,5.6,44
66.9782608695652,69,26.3,1.1,38.1,5.7,52
64.8478260869565,67,27.2,1.3,37.1,7,53
77.6304347826087,79,31.2,1.5,35.2,8.1,65
85.0869565217391,86,38.7,1.6,32.1,8.7,67
77.6304347826087,79,45.1,1.5,30.3,7.9,67
64.8478260869565,67,50.2,1.3,29.3,7.5,53
62.7173913043478,65,53.7,1.2,28.6,6,53
64.8478260869565,67,57.4,1.6,27.8,8.5,60
59.5217391304348,62,59.4,1.4,27.4,7,60
45.2830188679245,48,59.3,1.1,27.2,5.6,39
31.1320754716981,33,61,0.7,26.7,2.6,22
10.377358490566,11,63.1,0.5,25.4,1.7,7
32.0754716981132,34,60.3,0.5,26.1,2,25
49.0566037735849,52,67.1,0.8,25.2,4,47
78.695652173913,80,61.9,1.6,26,8.6,101
85.0869565217391,86,57.5,1.6,27,10.1,100
75.5,77,44.4,1.4,30.5,8.7,79
92.5434782608696,93,35.1,1.5,33.4,7.9,91
101.112032009145,109,29,1.2,35.7,5.8,83
88.2826086956522,89,27.7,1.1,35.8,5.3,65
69.1086956521739,71,27.4,0.8,36.3,4.2,55
53.1304347826087,56,28.8,0.7,33.6,3.3,40
65.9130434782609,68,20.5,0.7,35.2,4,48
58.4565217391304,61,22.4,0.7,35,4.3,46
68.0434782608696,70,25.2,1,34,4.6,54
74.4347826086957,76,28.2,1,32,5.1,55
76.5652173913043,78,34.4,1.2,29.4,5.9,60
78.695652173913,80,41.1,1.1,28.1,5.7,62
69.1086956521739,71,47.5,1,26.9,4.7,51
72.304347826087,74,50.4,1.2,26.6,5.1,57
89.3478260869565,90,52.9,1.4,25.9,5.9,72
76.5652173913043,78,54.6,1.3,25.4,5.6,63
60.5869565217391,63,55.7,1,25.1,4.5,49
39.622641509434,42,55.3,0.6,25.1,2.5,30
25.4716981132075,27,55,0.4,25.2,1.8,18
27.3584905660377,29,53.5,0.4,25.6,1.9,22
38.6792452830189,41,55.9,0.5,24.7,2.6,39
58.4565217391304,61,57.2,1.1,24,6.3,68
65.9130434782609,68,53.2,1.2,25,6.8,84
55.2608695652174,58,43.4,0.9,28,4.7,54
49.0566037735849,52,35.5,0.9,31.6,4.7,51
54.195652173913,57,29,1,35,4,52
48.1132075471698,51,27.6,0.8,35.3,4.3,44
50,53,24.1,0.8,36.2,3.8,47
46.2264150943396,49,24.5,0.7,34.8,3.4,37
41.5094339622642,44,19.6,0.7,38.2,3.6,33
45.2830188679245,48,20.3,0.7,38.9,3.6,36
43.3962264150943,46,27.1,0.7,36.9,3.6,33
53.1304347826087,56,32.1,0.9,35.2,5.1,40
71.2391304347826,73,38.2,1.2,32,6.6,56
84.0217391304348,85,41.8,1.4,29.8,7.3,71
70.1739130434783,72,45.9,1.2,28.2,6.1,57
50,53,48.2,1,27.1,5.2,43
44.3396226415094,47,49.5,0.9,26.7,4.9,40
34.9056603773585,37,50.8,0.7,26.1,3.5,26
32.0754716981132,34,52.5,0.5,25.7,3,24
31.1320754716981,33,55.4,0.5,24.8,2.7,24
25.4716981132075,27,61.8,0.4,22.5,2.4,18
25.4716981132075,27,59.2,0.4,22.7,2,19
26.4150943396226,28,58.4,0.5,23,2.5,22
33.9622641509434,36,56.3,0.7,23.9,3.5,34
56.3260869565217,59,50.1,1.1,26.3,6,61
53.1304347826087,56,34,1,32.1,5.3,46
68.0434782608696,70,25.7,1.2,35.8,6.3,56
33.9622641509434,36,19.8,1.1,38.3,4.8,31
16.0377358490566,17,20.5,0.6,37.3,3.2,11
13.2075471698113,14,18.4,0.4,36.3,2.6,8
22.6415094339623,24,16.9,0.4,36.8,2.4,14
33.9622641509434,36,15.9,0.5,37.9,3,21
40.5660377358491,43,17.1,0.6,36.7,3.1,26
57.3913043478261,60,21.9,0.8,33.8,3.4,37
79.7608695652174,81,24.6,1,32.6,4.6,53
86.1521739130435,87,28.4,1.1,30.6,4.4,56
84.0217391304348,85,30.5,1.1,29.4,5.5,51
90.4130434782609,91,34.4,1.6,28.4,8.2,79
52.0652173913044,55,34.1,0.9,28.3,5,38
39.622641509434,42,35.2,0.7,27.8,4,25
40.5660377358491,43,39.7,0.7,25.3,3.7,24
18.8679245283019,20,41.5,0.5,24.5,3.1,11
21.6981132075472,23,41.9,0.3,23.3,1.5,16
40.5660377358491,43,45.6,0.4,21.5,2.4,43
65.9130434782609,68,47,0.9,21.3,5.4,86
59.5217391304348,62,45,1.3,22.2,8.5,92
62.7173913043478,65,40.8,1.6,23.6,10.9,102
92.5434782608696,93,32.4,2.1,27.1,12,171
101.126036010289,110,20.1,2,33.4,10.6,148
101.070020005716,106,17,1.4,35.3,7.4,119
75.5,77,14.7,1.4,37.4,7.3,71
57.3913043478261,60,14.6,0.9,38.6,4.6,53
64.8478260869565,67,17.8,0.8,35.8,4,61
54.195652173913,57,16.4,0.8,38.4,3.8,53
57.3913043478261,60,15.3,1,39.7,5,61
66.9782608695652,69,15.8,1.3,38.8,6.9,72
75.5,77,22.3,1.3,35.2,7,67
75.5,77,28.2,1.3,31.7,6.8,70
86.1521739130435,87,30.9,1.6,30.4,8.5,81
87.2173913043478,88,32.1,1.4,29.5,8,79
82.9565217391304,84,34.9,1.3,28,5.7,73
62.7173913043478,65,36.6,1,28.2,5.1,57
51,54,40.7,0.9,26.5,5.5,45
34.9056603773585,37,36.7,0.6,28.3,3.1,25
33.9622641509434,36,43.8,0.5,25.7,2.9,23
27.3584905660377,29,48.3,0.4,24.3,2.2,18
23.5849056603774,25,49.2,0.4,23.6,2.5,23
38.6792452830189,41,53.9,1,22.2,5.6,59
65.9130434782609,68,52.3,2.2,22.5,12.9,135
80.8260869565217,82,47.8,2.5,24.3,16,167
101.504144041155,137,40.7,2.3,27.3,12.2,190
101.252072020577,119,28.2,2,33.3,10,142
69.1086956521739,71,27.1,1.4,36.4,7.4,83
76.5652173913043,78,26.2,1.7,36.8,9.1,94
70.1739130434783,72,26.8,1.5,36.4,8.9,84
72.304347826087,74,32.8,1.7,33.3,9.2,90
68.0434782608696,70,39.5,1.6,31.3,8.5,91
52.0652173913044,55,44.7,1.4,29.9,7.9,70
51,54,48.4,1.4,29.1,6.1,75
50,53,52.9,1.4,28,6.4,72
43.3962264150943,46,53,1.2,27.7,5.7,59
35.8490566037736,38,52.6,0.9,27.7,4.4,48
28.3018867924528,30,49.5,0.6,28.3,2.3,41
15.0943396226415,16,52.5,0.5,27.7,1.9,11
11.3207547169811,12,53,0.5,27.5,2.4,11
35.8490566037736,38,54.4,0.8,27.1,4.7,37
53.1304347826087,56,52.1,1.4,27.6,7.8,72
54.195652173913,57,48.5,1.2,29,7.8,53
36.7924528301887,39,42.9,1,31,6.3,31
44.3396226415094,47,39.4,1.2,32.5,6.5,47
33.0188679245283,35,30.9,1.1,36.9,6.1,33
41.5094339622642,44,30.6,1.2,36.2,6.3,35
40.5660377358491,43,27.7,1.1,37.7,5.6,32
32.0754716981132,34,27.2,1,37.1,5.8,23
33.9622641509434,36,24.3,1,39.5,5.4,27
41.5094339622642,44,23.8,1.2,39.9,6.8,32
60.5869565217391,63,24.3,1.7,39.6,9.3,51
57.3913043478261,60,29.1,1.7,37.2,8.5,46
63.7826086956522,66,37.1,1.7,33.9,9.3,62
65.9130434782609,68,43.6,1.7,31.6,7.4,65
81.8913043478261,83,24.9,1.6,32.9,8.2,86
61.6521739130435,64,23.5,1.3,34.4,5.9,57
47.1698113207547,50,22.5,1,34.3,4.7,39
50,53,21.6,0.9,33.4,4.1,41
54.195652173913,57,18.4,1,36.1,4.9,47
52.0652173913044,55,15.4,1.1,37.3,5.2,45
68.0434782608696,70,16.2,1.5,36.8,7.5,60
65.9130434782609,68,20.9,1.5,34.9,7.4,51
71.2391304347826,73,26.5,1.6,30.8,7.8,53
91.4782608695652,92,28.3,1.7,28.9,8.6,72
78.695652173913,80,30.7,1.4,27,6.5,62
57.3913043478261,60,30.6,1.2,26.6,6.8,41
46.2264150943396,49,33.1,1.1,26,5.7,32
50,53,37.9,1.1,24.1,5.8,44
47.1698113207547,50,43.1,1.2,22.2,5.7,29
32.0754716981132,34,41.3,0.7,22.8,3.2,18
19.811320754717,21,42.6,0.4,21.7,1.7,12
45.2830188679245,48,47.1,0.7,20.2,2.8,39
69.1086956521739,71,47.8,1.1,20.1,5.7,83
93.6086956521739,94,45.5,1.6,20.6,10,149
101.238068019434,118,41.1,2.3,22.4,14.5,216
101.056016004573,105,36.6,1.6,25,9.9,153
101.294084024007,122,26.2,2,29.9,11.2,177
101.280080022864,121,21.8,1.6,32.9,8.3,126
101.196056016005,115,17.9,1.6,35,9.5,96
101.084024006859,107,18.2,1.3,34.6,7.1,92
85.0869565217391,86,22.8,1,33.8,6,75
101.238068019434,118,19.5,1.6,36.3,9.1,109
101.392112032009,129,17.9,2,38.3,10.4,133
89.3478260869565,90,20.9,1.7,36.9,8.7,87
86.1521739130435,87,30,1.7,33.9,9,80
62.7173913043478,65,43.4,1.4,29.8,6.8,70
58.4565217391304,61,50.4,1.3,27.5,5.2,67
59.5217391304348,62,50.4,1.3,27.5,5.7,66
84.0217391304348,85,48,1.6,28.1,6.9,97
81.8913043478261,83,49.6,1.8,26.9,7.8,90
82.9565217391304,84,48,1.5,26,6.8,99
69.1086956521739,71,50.6,1.3,24.9,6.3,71
59.5217391304348,62,53.2,1.1,23.7,4.7,59
37.7358490566038,40,56.1,0.6,22.9,3.6,26
47.1698113207547,50,55.5,0.7,23.3,4.4,47
76.5652173913043,78,54.2,1.1,23.6,6.4,108
88.2826086956522,89,52.9,1.9,24.9,11.9,160
101.070020005716,106,50.8,3.5,26.4,21,204
101.084024006859,107,47.4,2.9,28.1,15.6,193
92.5434782608696,93,43.2,2.2,30.2,12.1,146
94.6739130434783,95,41.9,2,31.2,9.3,126
76.5652173913043,78,36,1.7,33.9,8.7,90
74.4347826086957,76,34.1,1.6,33.9,7.9,84
63.7826086956522,66,30.6,1.3,34.4,6.2,60
69.1086956521739,71,28.5,1.3,35.3,6.3,66
58.4565217391304,61,28.3,1.3,36.3,6,57
71.2391304347826,73,29.4,1.6,35.3,7.9,71
51,54,34.1,1.3,32.5,5.8,51
50,53,42.1,1.4,29.1,6.3,49
66.9782608695652,69,35.6,1.4,27.8,6,59
75.5,77,30,1.3,27,6.3,66
81.8913043478261,83,37.3,1.4,26.3,6.8,72
93.6086956521739,94,40.8,1.5,25.2,7,89
82.9565217391304,84,43.3,1.5,24.3,7,75
52.0652173913044,55,45.3,0.9,23.3,5,38
33.0188679245283,35,44,0.6,24.1,2.8,24
42.4528301886792,45,46.7,0.5,23.7,2.8,40
53.1304347826087,56,59.3,0.6,20,2.5,40
31.1320754716981,33,48.6,0.4,22.5,1.7,25
36.7924528301887,39,57,0.5,19.5,3.4,38
40.5660377358491,43,56.1,0.7,19.6,4.3,38
59.5217391304348,62,53.3,1.2,20.7,7.1,75
79.7608695652174,81,41.8,1.7,24.7,8.3,104
101.014004001143,102,30.5,1.8,29.9,9.1,134
85.0869565217391,86,27.2,1.5,32.3,7.7,85
34.9056603773585,37,24.5,1.2,34.3,7.2,30
61.6521739130435,64,22.5,1.1,33.4,5.8,49
101,101,25.8,1.9,33.8,11,209
69.1086956521739,71,28.6,1.4,34.5,7.6,132
80.8260869565217,82,33,2,32.7,10.1,166
101.04201200343,104,35.4,2.7,31.4,14.1,243
101.056016004573,105,43.5,2.8,27.7,14.1,247
86.1521739130435,87,47.8,2,26.2,10.3,165
97.8695652173913,98,48.7,2.1,25.7,11.5,187
101.056016004573,105,50.1,2,25.2,10.9,206
101.04201200343,104,53.4,1.8,24.4,10.4,200
95.7391304347826,96,55.4,1.9,23.7,9.5,189
77.6304347826087,79,58.5,1.3,22.8,7,136
58.4565217391304,61,58.5,0.7,22.8,3.3,83
45.2830188679245,48,64.9,0.5,20.8,2.8,72
60.5869565217391,63,66.8,0.6,19.7,4.3,121
91.4782608695652,92,64.3,1.3,19.8,8.5,268
98.9347826086957,99,62.3,3.6,20.6,20.9,451
101.224064018291,117,54,4.9,23.2,35.2,458
101.574164046871,142,43.1,3.9,26.3,18.7,487
101.280080022864,121,35.4,2.2,29.1,12.8,319
101.294084024007,122,31.6,1.9,30,11.2,269
101.098028008002,108,26.3,2.2,32.4,13.3,224
78.695652173913,80,29.1,2,31.3,11.3,162
92.5434782608696,93,28.6,1.7,31.1,10.4,189
101.098028008002,108,24.4,2,33.3,12.3,213
101.238068019434,118,21.2,2.1,35.5,12.3,245
101.672192054873,149,22,3.2,34.6,19.4,341
101.980280080023,171,23.6,4,33.3,21.5,382
101.742212060589,154,28.5,4.4,30,25.7,358
101.294084024007,122,33,3,28,14.5,288
101.35010002858,126,37.4,2.2,27.2,11.4,252
101.280080022864,121,39.9,1.7,26.6,9.5,201
101.336096027436,125,41.7,1.9,25.3,11.6,225
101.35010002858,126,44.7,2,24.3,11.4,242
95.7391304347826,96,45.6,1.5,24.4,7.5,167
71.2391304347826,73,49.9,0.8,23.1,5.3,99
62.7173913043478,65,54.1,0.6,21.8,4,87
89.3478260869565,90,56.9,0.7,21,4.6,164
55.2608695652174,58,55.5,0.8,21.8,5.8,87
25.4716981132075,27,57.2,2.9,21.6,20,93
64.8478260869565,67,54.2,5.2,22.8,30,417
95.7391304347826,96,45,3.3,26.2,18.7,406
61.6521739130435,64,47,1.3,23.1,7.7,169
70.1739130434783,72,46.2,2.5,23.7,13.9,231
71.2391304347826,73,41.9,3.4,25.8,22,232
61.6521739130435,64,38.3,2.1,27.3,10.2,145
72.304347826087,74,29.1,2.2,31,10.4,170
88.2826086956522,89,25.5,1.7,31.6,8,214
102.218348099457,188,19.8,4,32.4,18.9,477
102.050300085739,176,22.3,4.7,29.9,24.1,502
101.868248070877,163,24.8,3.8,28.2,18.1,420
101.756216061732,155,28.9,2.8,26.8,15.8,344
101.630180051443,146,32.3,2.6,25.1,14.6,307
101.420120034296,131,30.5,2,25.4,10.6,251
101.252072020577,119,28.3,1.4,24.9,7.5,180
97.8695652173913,98,30.5,1.2,23.2,7.4,141
88.2826086956522,89,33.6,0.6,22.3,3.8,105
65.9130434782609,68,35.7,0.2,21.4,2.3,74
62.7173913043478,65,33.4,0.4,21.7,2.7,91
79.7608695652174,81,35.5,0.6,20.3,4.9,143
101.490140040011,136,37.5,3,19.7,18.2,553
101.406116033152,130,35.6,3.2,21,21.4,542
101.784224064018,157,28.9,3.5,25,21.3,590
101.980280080023,171,21.9,3.1,31,19.9,590
101.588168048014,143,18.5,2.2,34.9,14.8,387
101.210060017148,116,15,1.7,37.1,12.6,252
101.392112032009,129,17.3,2,35,13,310
101.938268076593,168,17.5,2.5,35.1,16.2,396
101.714204058302,152,16.6,2.4,35.4,15,329
102.036296084596,175,13.8,2.9,38.4,16.2,393
102.554444126893,212,14.5,4.2,37.6,22.7,522
102.666476136039,220,16.6,5.4,35.2,32.3,631
102.036296084596,175,25.5,4.3,31.2,22.3,435
101.896256073164,165,30.7,3.6,29.3,16.6,407
101.490140040011,136,30.1,2,28.3,11,255
101.140040011432,111,31.5,1.5,27.4,11.3,180
101.182052014861,114,35.7,1.5,26.2,9.3,186
95.7391304347826,96,38.1,1.2,25.2,7.3,147
73.3695652173913,75,39.1,1,24.4,5.5,101
55.2608695652174,58,39.1,0.5,23.7,3.5,69
38.6792452830189,41,38.5,0.4,24.5,2.9,49
52.0652173913044,55,43.5,0.5,22.4,3.6,91
71.2391304347826,73,43.8,0.7,22.3,5.5,144
101.098028008002,108,45.8,2.4,21.4,15.5,430
101.644184052586,147,41.3,4.1,22.9,28.3,606
101.686196056016,150,30.3,3,26.6,17.8,519
101.420120034296,131,23,2,30.3,12.8,353
101.602172049157,144,18.9,2.5,32.8,15.7,429
101.700200057159,151,17.7,2.4,34.3,15.4,345
101.896256073164,165,18.9,2.6,33.3,15.6,417
101.476136038868,135,20.1,1.9,33,12.6,276
101.588168048014,143,19.6,2.1,33.6,12.2,280
101.728208059446,153,18.4,2.5,34.9,13.4,365
101.672192054873,149,20.3,2.7,33.4,14.3,363
101.882252072021,164,22.7,3.3,31.6,16.5,393
102.106316090312,180,26.9,3.2,29.2,17.4,385
101.812232066305,159,30.1,2.6,27.7,12.9,307
101.252072020577,119,31,1.4,27.1,8.2,194
101.364104029723,127,33.4,1.6,26,9.2,205
101.420120034296,131,35.7,1.7,25.1,9.3,223
101,101,38.5,1.6,24.3,10.4,176
101.518148042298,138,53,3.1,25.4,18.4,475
101.518148042298,138,41.6,2.9,30,16.3,395
101.518148042298,138,34.8,3,32.6,18.2,353
101.504144041155,137,34.2,3,32.2,17.9,397
101.26607602172,120,33.5,2.2,32.1,12.6,274
102.498428122321,208,31.8,2,32.6,11.3,505
101.378108030866,128,25.2,2.3,35.2,14.9,275
101.6161760503,145,24.7,3.1,34.3,18.5,360
101.938268076593,168,36.6,6.2,29,35.9,597
102.064304086882,177,42.2,4.7,27.1,26.7,728
101.994284081166,172,46.4,3,26.1,19.9,891
101.154044012575,112,49.4,2.1,25.1,14.6,346
36.7924528301887,39,46.4,1,26,6.9,98
65.9130434782609,68,49.2,0.8,24.7,5.6,144
48.1132075471698,51,49,0.7,24.8,3.9,110
101.154044012575,112,53.1,3.3,26.9,17.3,341
101.96627607888,170,50.8,6.1,26.5,28.6,622
102.008288082309,173,55.8,6.7,25.1,31.8,615
101.476136038868,135,58.9,4.4,23.9,20.1,443
92.5434782608696,93,62.8,1.9,23.1,9.2,219
72.304347826087,74,67.3,1.8,22.1,10.3,203
66.9782608695652,69,66.5,1.5,22.1,8.6,165
101.112032009145,109,70.1,1.6,21.1,8.6,339
52.0652173913044,55,67.1,0.8,21.9,4.8,103
46.2264150943396,49,67.4,0.5,21.7,2.6,74
39.622641509434,42,76,0.6,19.1,4.5,72
47.1698113207547,50,75.4,0.9,19.4,6.6,180
50,53,74.4,1.4,19.7,10.1,239
85.0869565217391,86,74.3,4.2,19.9,23.4,664
79.7608695652174,81,72.8,4.1,20.4,25,525
95.7391304347826,96,67.7,3.6,21.6,21.6,543
95.7391304347826,96,59.1,2.5,22.9,13,390
77.6304347826087,79,73.1,1.3,18.7,6.8,217
94.6739130434783,95,58.3,1.7,21.1,10,248
101.364104029723,127,47.1,2.1,23.3,11.7,333
101.014004001143,102,47.9,1.7,22.9,9.8,279
101.084024006859,107,46.2,1.9,23.3,10.2,339
101.126036010289,110,45.4,2.3,23.7,12,315
101.322092026293,124,46.1,3.3,23.8,17.7,365
101.168048013718,113,49.3,3.5,23,18.8,338
101.04201200343,104,53.1,3.6,21.9,17.6,318
101.224064018291,117,54.8,2.9,21.3,13.8,302
93.6086956521739,94,55.2,2,21.2,9.4,214
101.112032009145,109,55.8,1.1,21.3,10.7,363
70.1739130434783,72,52.1,0.8,21.4,6.1,178
37.7358490566038,40,56.6,0.5,20.6,3.2,55
21.6981132075472,23,61.9,0.3,19.7,1.2,32
22.6415094339623,24,59.1,0.3,19.6,1.3,35
38.6792452830189,41,56.7,0.5,19.8,2.2,84
98.9347826086957,99,55.6,2.4,20.2,14.6,456
90.4130434782609,91,57.8,2.2,19.7,9.7,342
79.7608695652174,81,53.1,1.4,20.2,6.7,239
94.6739130434783,95,47,1.6,22,7.6,337
101.168048013718,113,41.6,1.6,23.5,8.6,351
88.2826086956522,89,41.8,1.6,22.8,9,209
87.2173913043478,88,40.4,2.1,23.4,10.7,257
79.7608695652174,81,42.8,1.1,23.2,6.3,169
80.8260869565217,82,43.2,1.6,23.6,9.4,216
101.196056016005,115,40.8,2.4,23.9,12.5,303
101.154044012575,112,42.8,2.9,23.6,15.2,320
101.210060017148,116,43.3,2.7,23.2,14.8,310
101.392112032009,129,42.5,3.1,22.8,15.9,341
101.126036010289,110,42.2,2.2,22.3,10,272
101.056016004573,105,43,1.5,22.1,6.9,229
89.3478260869565,90,42.7,1.2,22.2,5.5,168
93.6086956521739,94,42.8,1.3,22.1,6.3,173
95.7391304347826,96,43.5,1.4,22.1,6.7,186
68.0434782608696,70,45.6,0.9,21.5,3.7,112
54.195652173913,57,44.5,0.7,21.1,3.2,79
39.622641509434,42,46.7,0.5,20.2,2.3,58
69.1086956521739,71,47.8,0.8,20.1,3.6,122
80.8260869565217,82,50.7,1.2,20,6.4,173
79.7608695652174,81,49.7,1.1,20.7,5,176
88.2826086956522,89,39.5,1.6,24.3,7.9,233
81.8913043478261,83,34.8,1.4,25.4,6.6,210
80.8260869565217,82,30.7,1.2,26.6,5.2,178
76.5652173913043,78,28.1,1.4,27.7,6.6,189
77.6304347826087,79,28.7,1.6,27.6,7.6,210
76.5652173913043,78,29.2,1.1,27.6,5,162
71.2391304347826,73,28.6,1.1,28.1,5.3,137
71.2391304347826,73,26.8,1.3,29.1,5.3,165
100,100,28.3,1.5,28.4,6.5,204
101.294084024007,122,32.1,2,26.6,9.2,266
101.434124035439,132,35.3,2.4,25.3,11.6,299
101.210060017148,116,37.1,2,24.7,9.2,234
101.112032009145,109,40.6,1.5,23.5,7.5,181
101.112032009145,109,43.4,1.7,22.8,9,210
101.210060017148,116,47.9,2.5,22.2,12.1,304
101.04201200343,104,50.5,2.2,21.3,10.5,255
79.7608695652174,81,53.2,1.4,20.6,7.1,149
61.6521739130435,64,56.6,1.2,19.6,6.2,112
51,54,59.5,0.9,18.8,3.8,90
33.0188679245283,35,57,0.5,19.3,2.3,46
41.5094339622642,44,60.8,0.6,18.2,2.9,76
59.5217391304348,62,66.8,1,16.8,4.8,139
65.9130434782609,68,60,1.3,18.6,7.7,179
84.0217391304348,85,48,1.7,22.2,8.8,224
101.126036010289,110,35.7,2.2,26.5,10.6,272
101.196056016005,115,28.5,2.1,30,10.2,251
101.392112032009,129,24.7,2.2,32.2,11,250
101.070020005716,106,28.6,2,29.6,11.9,178
86.1521739130435,87,28.5,2,29.8,10.8,137
68.0434782608696,70,26.1,1.2,31.1,5.1,119
101.070020005716,106,22.4,1.8,34.6,8.3,193
101.700200057159,151,25.4,4.3,33.2,20.7,329
102.092312089168,179,31.4,3.8,30,16.8,413
102.218348099457,188,38.1,4.4,27.5,20.4,489
102.204344098314,187,42.5,3.8,26.2,15.3,470
101.280080022864,121,46.4,1.9,24.7,8.8,228
98.9347826086957,99,50,1.7,23.6,8.5,169
100,100,53.6,1.8,22.7,8.7,189
77.6304347826087,79,53.8,1.1,22.7,5.7,100
54.195652173913,57,53,0.8,22.8,4,71
40.5660377358491,43,57.6,0.7,21.4,3,52
47.1698113207547,50,63.5,0.5,19.5,2.2,57
44.3396226415094,47,60.8,0.5,20.2,2.7,69
57.3913043478261,60,63.5,0.9,19.4,4.7,126
90.4130434782609,91,65.6,3.5,18.7,21.7,376
101.812232066305,159,49.7,5.7,23.5,27.5,737
102.008288082309,173,41.9,3.5,26.4,18.1,481
102.022292083452,174,34,3.7,29.9,18.6,425
101.896256073164,165,30.8,3.1,31.5,17.6,330
101.490140040011,136,30.2,3,30.2,16.3,303
101.336096027436,125,29.3,2.6,30.5,11.8,283
101.294084024007,122,27.4,2.4,31.8,11.9,264
101.322092026293,124,23.2,2.6,34.3,15.5,280
102.162332094884,184,23,5,34.1,28.8,505
102.386396113175,200,29.2,5.6,30.5,31.1,566
102.736496141755,225,32.4,6.5,28.1,34.9,681
101.938268076593,168,31.7,4.1,26.5,19.5,448
101.238068019434,118,33.7,2.1,24.8,11.7,231
101.196056016005,115,38.1,2,23.9,9.9,230
93.6086956521739,94,43,1.4,23,7.7,146
59.5217391304348,62,44.7,0.8,23.5,4.4,77
65.9130434782609,68,47.7,0.8,22.3,4.1,82
47.1698113207547,50,49.8,0.6,22.1,3.1,55
33.9622641509434,36,55.9,0.4,20.8,2.1,42
50,53,63,0.6,18.8,3.3,102
77.6304347826087,79,65.5,1.4,18.3,8.1,231
101.448128036582,133,66.1,5.6,18.2,31.4,699
101.65818805373,148,60.7,7.3,19.6,41.2,738
101.840240068591,161,51.4,5.3,22.6,27.3,665
102.260360102887,191,44.2,4.4,25.8,24.2,598
101.798228065161,158,39,3.1,28.5,17,340
101.784224064018,157,35.1,3.3,30.1,17.7,374
102.218348099457,188,36.4,3.8,29.4,19.3,401
101.588168048014,143,37.9,2.3,29.2,12.7,275
101.714204058302,152,34.9,2.6,30.5,14.6,278
101.938268076593,168,31.4,3.2,31.5,17.8,342
102.456416118891,205,31.4,5,31.2,26.6,479
102.442412117748,204,37.2,5.6,28.5,30.3,553
102.526436124607,210,42.3,5.4,26.7,28.7,531
102.008288082309,173,49,4.4,24.8,20,428
101.30808802515,123,53.6,2.4,23.6,11.9,229
91.4782608695652,92,55.8,1.5,23,8.1,145
75.5,77,58.4,1.3,22.1,7.7,112
72.304347826087,74,56.3,1.1,22.6,5.9,99
72.304347826087,74,61.3,1,21,5.1,98
44.3396226415094,47,54,0.6,23,2.4,54
41.5094339622642,44,70.8,0.6,18.3,3.8,59
66.9782608695652,69,72.5,0.8,18.1,5,162
77.6304347826087,79,71,1.5,18.3,9.7,268
101.098028008002,108,68.9,4.1,18.5,25.9,531
101.252072020577,119,62.7,5.5,20.1,34.3,517
101.896256073164,165,52,5.5,23.5,29,701
101.994284081166,172,42.7,3.7,26.8,20,510
102.106316090312,180,36.7,3.3,29.1,18.3,415
101.406116033152,130,32,2.5,30.8,13.4,243
101.26607602172,120,37,2.6,27.9,14,267
101.224064018291,117,37.3,2.2,28.5,12.1,233
101.560160045727,141,32.9,2.6,30.2,15.3,295
101.700200057159,151,27.7,2.9,32.9,16.1,309
102.638468133752,218,28.8,5,32.2,27.3,506
102.568448128037,213,39,5.1,28.8,26.2,479
102.302372106316,194,43.3,5.2,26.7,26.7,460
101.92426407545,167,54,3.8,24.6,18.3,363
101.196056016005,115,59.9,2.2,23.4,11.9,213
97.8695652173913,98,62.6,2.1,22.5,11.5,183
92.5434782608696,93,62,1.8,22.9,9.6,163
86.1521739130435,87,64.9,1.6,22.2,8,152
69.1086956521739,71,68.5,1.4,21.4,6.9,104
46.2264150943396,49,63,0.8,22.2,3.7,61
55.2608695652174,58,57.5,0.5,22.9,2.5,84
63.7826086956522,66,63.2,0.9,21.3,6.3,132
101.154044012575,112,63.5,3.2,21.3,21.6,422
101.04201200343,104,54.4,2.8,23.7,18.8,282
101.028008002286,103,50.8,2.7,25,18.1,293
101.238068019434,118,48.1,2.4,26.3,14.8,334
101.392112032009,129,47.3,2.7,26.4,15.9,324
101.364104029723,127,39.5,2.8,29.3,16.1,294
101.406116033152,130,39.6,2.9,29,17.2,273
101.406116033152,130,38,2.6,29.8,15.8,275
101.238068019434,118,37.2,2.6,30.4,15.1,282
101.630180051443,146,34.9,3.2,31.5,18.9,323
102.246356101743,190,34.8,4.6,31.6,25.2,442
102.2323521006,189,40.5,4.9,29,26.1,431
102.008288082309,173,45.9,4.7,27.2,25.6,402
101.65818805373,148,48.7,3.3,26.2,16.9,313
101.210060017148,116,50.5,2.3,25.1,12.6,228
101.112032009145,109,50.7,2.1,24.1,10.3,218
93.6086956521739,94,53.7,1.7,22.5,8.9,179
61.6521739130435,64,53.7,1,22.7,6.5,97
56.3260869565217,59,57.9,0.9,21.5,5.3,83
61.6521739130435,64,55.8,0.7,22.3,4.6,80
49.0566037735849,52,59.9,0.4,21.1,2.5,66
52.0652173913044,55,63,0.5,20.4,2.8,109
81.8913043478261,83,62.2,1.3,20.8,8.4,232
101.182052014861,114,61.6,3.5,21.3,21.1,535
101.504144041155,137,60.2,5.5,21.9,34,684
101.826236067448,160,56.4,5.6,23,29.4,803
101.518148042298,138,49.5,3.4,25.1,20.3,539
101.462132037725,134,44.3,3.2,26.6,18.4,364
101.588168048014,143,46,3.7,26.2,22.3,422
101.728208059446,153,48.7,4.6,25.4,26.9,483
101.6161760503,145,48.3,4.2,25.6,24,496
101.30808802515,123,47.8,3.3,25.7,19.3,403
95.7391304347826,96,49.2,2.7,24.9,14.5,282
101.084024006859,107,75.4,2.2,18.3,11.1,268
101.252072020577,119,73.9,2.8,16.3,10.4,306
101.112032009145,109,75.7,2.9,15.6,10.5,293
101.084024006859,107,76.6,2,15.4,5.8,240
54.195652173913,57,75.4,0.7,14,2.2,93
57.3913043478261,60,60.5,0.6,14.9,2,99
20.7547169811321,22,50.9,1.2,15.5,3.8,55
1.88679245283019,2,50,1.2,15.6,3.9,19
6.60377358490566,7,53.6,1.1,15.4,3.7,26
7.54716981132075,8,53.9,0.6,15.4,1.7,26
25.4716981132075,27,53.1,0.3,15.3,1,42
13.2075471698113,14,53.7,0.3,15.4,0.9,32
2.83018867924528,3,53.3,0.4,15.5,1.3,25
8.49056603773585,9,52.7,0.6,15.4,2.1,28
13.2075471698113,14,51.1,0.7,15.7,2.5,41
49.0566037735849,52,47.7,1,16.9,4.6,130
61.6521739130435,64,41.9,1.1,18.2,4.3,173
63.7826086956522,66,37,1.5,19.1,6.5,168
13.2075471698113,14,34.8,1.4,19.3,6,51
8.49056603773585,9,31.2,1.4,19.8,6,31
11.3207547169811,12,31.1,1,19.8,4.5,41
13.2075471698113,14,28.6,0.9,20.2,3.9,41
19.811320754717,21,24.8,1.1,22.1,4.6,54
40.5660377358491,43,27.7,1.3,21.1,6.7,112
59.5217391304348,62,30.3,1.8,20.1,8.9,178
65.9130434782609,68,33,2.4,19.5,9.8,218
79.7608695652174,81,32.3,2.7,19.3,10.8,241
87.2173913043478,88,33.2,1.7,18.4,7.4,223
98.9347826086957,99,36.5,2.2,17.8,10.3,279
97.8695652173913,98,39.9,2.8,17.8,13.8,330
96.804347826087,97,43,2.4,17,10.9,330
101,101,52.2,2.5,15.5,11.7,341
89.3478260869565,90,51.9,1.4,15.6,7.8,205
52.0652173913044,55,63.2,0.9,12.5,4.5,102
43.3962264150943,46,57.6,0.6,13.6,3.3,79
53.1304347826087,56,63.2,1,12.2,5.4,148
81.8913043478261,83,56.4,1.6,14.6,8.2,261
52.0652173913044,55,38.6,0.9,19.8,3,107
44.3396226415094,47,33.4,0.9,21.6,3,103
58.4565217391304,61,32.2,1,22,3.5,122
55.2608695652174,58,30.2,1,22.7,3.6,127
56.3260869565217,59,30.4,0.9,22.3,4,110
51,54,30.5,0.9,22.1,4.2,98
66.9782608695652,69,29.5,0.9,22.1,3.1,146
51,54,27.1,0.9,23.4,3.5,119
94.6739130434783,95,27,2.7,23.1,10.3,234
98.9347826086957,99,31.4,2.2,21.5,7.8,261
101.364104029723,127,35.5,3.3,20.3,10.7,371
97.8695652173913,98,36.3,2.1,19.6,7.3,266
101.154044012575,112,39.7,1.8,18.7,7.7,268
101.196056016005,115,42.7,1.9,18,8.6,294
101.182052014861,114,47.6,2.3,17.1,10,303
101.028008002286,103,51.3,1.9,16.6,8.5,241
79.7608695652174,81,55.2,1.3,15.9,5.8,142
73.3695652173913,75,58.9,1,14.9,5,110
61.6521739130435,64,62.6,0.6,14,3.4,104
69.1086956521739,71,61.7,0.9,14.1,5.6,179
98.9347826086957,99,60.3,1.5,14.4,9,361
101.434124035439,132,57.7,5.5,15,26.9,799
101.476136038868,135,50.3,4,16.9,18.8,614
93.6086956521739,94,40.2,1.8,19.7,8.2,275
101.028008002286,103,33.6,1.9,22.2,9.1,325
101.30808802515,123,29.6,1.7,23.7,9.2,327
94.6739130434783,95,30.7,1.6,21.9,8.3,252
89.3478260869565,90,29.5,1.9,22.3,9.1,226
98.9347826086957,99,27,1.6,23.8,9.2,230
101.084024006859,107,28.3,1.8,23.3,9.6,244
101.154044012575,112,27.2,2,24.2,11.8,251
101.434124035439,132,25.8,3.1,25.1,17.3,346
101.65818805373,148,29.2,3.9,22.3,17.8,407
101.798228065161,158,32.5,4.3,20.8,20.9,490
101.6161760503,145,36.8,3.5,19.1,14.9,434
101.378108030866,128,39.9,2.4,18.1,11.3,345
101.056016004573,105,42.8,1.5,17.4,8.4,192
89.3478260869565,90,46.6,1.3,16.7,6.8,157
84.0217391304348,85,46.8,1,17.1,4.9,148
71.2391304347826,73,51.9,0.8,15.3,3.5,105
72.304347826087,74,52.8,0.5,15,2.8,141
58.4565217391304,61,59.8,0.5,12.8,2.2,107
66.9782608695652,69,62.7,0.7,11.9,3.9,166
80.8260869565217,82,62.6,1.2,12.1,7.3,241
101.26607602172,120,58.2,2.4,13.5,15.5,368
101.476136038868,135,55.7,4.3,14.4,27.1,498
101.714204058302,152,45.7,4.1,17.8,21.3,641
102.064304086882,177,37.2,3.7,21,19.9,667
102.120320091455,181,29.8,3.4,24.5,19.4,550
102.050300085739,176,26.4,3.8,26.4,21.8,483
101.868248070877,163,26.8,4.1,25.2,21.7,524
102.022292083452,174,24.8,3.4,26.1,18.9,481
101.224064018291,117,24.4,2.3,26.2,13,305
101.6161760503,145,21.3,3.2,28.9,18.8,396
102.008288082309,173,23.3,4.8,28,26.8,501
102.442412117748,204,27.9,6.7,24.7,36.9,702
102.512432123464,209,33.6,7.5,23,39.3,755
102.036296084596,175,45.8,4.5,20.9,23.1,524
101.392112032009,129,48.6,2.1,19.8,11.6,247
101.140040011432,111,47.7,1.5,19.8,8.3,196
84.0217391304348,85,49.1,1.1,18.6,5.7,135
85.0869565217391,86,53.9,1.1,17.2,5.9,146
69.1086956521739,71,56.8,0.9,16.3,4.1,106
57.3913043478261,60,53.4,0.5,17.4,2.2,70
42.4528301886792,45,52.5,0.4,17.1,2,60
50,53,58.3,0.7,15.2,4,92
93.6086956521739,94,59.2,2,14.9,13.4,277
101.294084024007,122,59,4.2,15.1,28,600
101.96627607888,170,47.8,5.2,19,28.6,693
102.022292083452,174,38.8,3.8,22.4,21.4,617
102.260360102887,191,33.3,3.7,25.4,19.1,569
102.092312089168,179,30.4,3.4,27.2,19.6,409
101.65818805373,148,34.8,3.1,25.5,15.8,335
101.392112032009,129,28.5,2.4,26.4,13.5,290
101.65818805373,148,25.1,2.8,27.7,15.9,312
102.162332094884,184,23.2,3.6,28.6,19.9,440
102.218348099457,188,26.3,4,27.2,21.6,450
102.442412117748,204,33,5.6,25.3,31,578
102.400400114318,201,36.9,6.3,23.2,34.1,615
101.896256073164,165,43.3,4.7,21.6,22.8,536
101.448128036582,133,44.8,1.9,21.1,12.3,238
101.336096027436,125,49.3,1.9,19.7,10.9,249
101,101,47.8,1.2,20.3,7.1,150
77.6304347826087,79,50.3,0.9,19.4,5.7,108
101,101,44.1,1.7,24.6,11.2,223
101.168048013718,113,43.4,2.2,25.6,15.1,267
101.280080022864,121,42.6,2.8,26.1,17.4,308
101.630180051443,146,44.8,3.9,25.8,23.4,422
102.218348099457,188,47.9,6.5,25.4,35.9,623
102.134324092598,182,50,6.3,24.6,34,572
101.910260074307,166,54.4,5.7,23.6,30.1,514
101.574164046871,142,59.5,4.4,22.6,20,414
82.9565217391304,84,61.3,1.6,22.1,10.5,143
86.1521739130435,87,61.3,1.5,22.1,9,147
90.4130434782609,91,64.7,1.7,21.1,10.7,159
90.4130434782609,91,66.4,1.9,20.3,10.4,206
72.304347826087,74,69.3,1.6,19.4,9.7,140
66.9782608695652,69,70.8,1.3,19,6.9,132
51,54,67.2,0.6,19.8,3,81
57.3913043478261,60,70.3,0.7,19,4.3,120
66.9782608695652,69,71.8,1.6,18.8,9.8,279
90.4130434782609,91,66.3,2.9,20.2,17.2,392
96.804347826087,97,64.3,4.1,20.8,27.9,433
101.182052014861,114,59.3,3.7,22.3,20.5,531
101.392112032009,129,56.6,3.6,23.2,21.2,619
101.504144041155,137,54.7,3.4,23.8,19.9,522
101.462132037725,134,56.2,3.7,23.5,21.1,505
101.434124035439,132,54.4,4.1,23.9,22.3,465
101.056016004573,105,47.4,2.4,25.4,12.9,278
101.490140040011,136,45.4,3.4,26.4,18.4,372
101.952272077736,169,46.9,5.6,25.8,26.5,540
86.1521739130435,87,37.6,2.9,28.6,15.3,267
101.140040011432,111,38.5,5.4,28,28.8,398
101.252072020577,119,45.8,5.3,25.2,26.1,418
101.378108030866,128,50.6,6.7,24,37.1,515
101.224064018291,117,54.7,7,23.2,35.7,669
91.4782608695652,92,57.1,2.8,22.3,16.5,326
71.2391304347826,73,58.2,1.7,21.8,11,209
57.3913043478261,60,61.3,1.7,20.9,10.8,183
57.3913043478261,60,62,1.7,20.6,9.6,165
50,53,62.5,1.2,20.3,6.5,111
44.3396226415094,47,62.1,0.7,20.5,3.6,67
40.5660377358491,43,70.3,0.8,18.2,4.4,88
44.3396226415094,47,70.1,0.9,18.2,5.5,147
47.1698113207547,50,70,1.7,18.2,10.8,279
79.7608695652174,81,66.5,5.7,19.4,31.2,665
73.3695652173913,75,66.9,4.3,19.5,24.8,592
86.1521739130435,87,61.1,3.9,21.1,24.2,557
101.378108030866,128,54.7,5.1,23.2,29.5,693
101.056016004573,105,52.5,3.7,24.4,21,530
101,101,45.8,3.3,26.4,19.6,412
100,100,39.2,3.6,27.7,21.2,366
97.8695652173913,98,39.6,3.2,28,18,344
97.8695652173913,98,38.4,3.5,28.7,20.5,339
97.8695652173913,98,39.4,2.4,28.5,15.6,297
89.3478260869565,90,39.8,2.9,28.4,19.2,294
82.9565217391304,84,45.9,2.3,26.4,20,211
101,101,49.5,3.1,25.2,21.1,323
97.8695652173913,98,50.9,2.9,24.9,18.6,333
74.4347826086957,76,52.2,1.5,24.6,12.3,163
69.1086956521739,71,54.4,1.5,24,10.3,151
69.1086956521739,71,56.1,1.7,23.8,9.6,167
63.7826086956522,66,60.6,1.6,22.3,9.9,174
59.5217391304348,62,61.5,1.3,21.9,8.6,142
55.2608695652174,58,64.5,1.4,21.1,7.3,155
45.2830188679245,48,63.9,0.9,21.3,5.1,96
50,53,66.7,1.3,20.8,7.8,154
52.0652173913044,55,67.5,1.3,20.6,8.2,211
60.5869565217391,63,66.3,2.9,20.9,17.6,381
66.9782608695652,69,63.7,3.2,21.5,20.1,470
82.9565217391304,84,56,3.4,23.7,18.7,464
94.6739130434783,95,48.2,3.6,26,19.5,450
78.695652173913,80,42.4,2.3,28.5,13,274
86.1521739130435,87,45.3,3.1,28.1,18.2,306
93.6086956521739,94,43.9,3.3,29,16.2,308
74.4347826086957,76,44.3,1.9,28.9,11,186
91.4782608695652,92,42.3,2.6,29.6,15.9,238
93.6086956521739,94,42.9,2.7,29.4,14.2,249
101.126036010289,110,45.1,3.7,28.7,19.9,378
101.112032009145,109,51.2,3.8,27,21.7,386
101.294084024007,122,52.7,4.8,26.5,25.7,461
101.084024006859,107,51.7,3.5,26.2,17.3,394
81.8913043478261,83,56.4,2.2,24.8,11.2,266
59.5217391304348,62,56,1.5,24.9,8.9,158
88.2826086956522,89,57.5,3.4,24.5,15.2,319
101.028008002286,103,56.9,3.7,24.7,17.2,409
72.304347826087,74,59.2,2,23.9,11.9,223
49.0566037735849,52,60.2,1.4,23.8,8.1,107
36.7924528301887,39,65.6,0.7,22.2,3.7,56
56.3260869565217,59,69.1,1.2,21.3,6.3,163
53.1304347826087,56,68.2,1.3,21.3,7.7,187
48.1132075471698,51,65.2,1.1,22.2,6.3,150
48.1132075471698,51,59,1,24.1,5.6,103
55.2608695652174,58,61.6,1.2,24.3,5.1,143
65.9130434782609,68,59.6,1.9,24.8,9,220
79.7608695652174,81,58.8,2.3,24.5,9.3,301
71.2391304347826,73,76.8,1.6,21,5.9,214
66.9782608695652,69,78,1.3,19.8,4.4,162
79.7608695652174,81,80.5,1.8,19.4,5.8,232
80.8260869565217,82,79.1,1.7,19.6,6.6,254
69.1086956521739,71,73.1,1.8,20.8,7.8,224
79.7608695652174,81,68.6,2,21.1,8.4,247
86.1521739130435,87,68.3,2.2,21.1,8.3,334
70.1739130434783,72,67.7,1.6,21.2,8.1,239
60.5869565217391,63,68.6,1.3,20.8,6.1,168
60.5869565217391,63,68.1,1.5,20.8,6.7,185
60.5869565217391,63,68.4,1.5,20.7,6.6,178
52.0652173913044,55,70.5,1.3,20.1,6.1,132
49.0566037735849,52,67.9,1.4,20.2,6,135
30.188679245283,32,70.4,0.5,19.4,1.4,39
27.3584905660377,29,77.7,0.4,17.9,1.9,33
41.5094339622642,44,76.9,0.6,18.2,3.4,90
50,53,74.9,1.1,18.6,7.2,164
59.5217391304348,62,70.3,2.9,19.6,19,336
65.9130434782609,68,66.6,3.5,20.2,24.5,366
84.0217391304348,85,68.9,4.6,19.7,25.6,565
87.2173913043478,88,73.4,3.4,19.2,17.1,536
80.8260869565217,82,69.6,2.3,20,12.3,416
90.4130434782609,91,64,2.7,21.1,15.2,379
86.1521739130435,87,67.4,3.1,20.2,18.3,368
89.3478260869565,90,68.9,3.2,20.2,17.2,444
96.804347826087,97,57.6,2.5,21.9,14.1,352
98.9347826086957,99,52,3.4,23.2,18.3,375
101.112032009145,109,59.1,4.8,21.7,25,479
94.6739130434783,95,61.4,4.5,20.8,22.2,448
78.695652173913,80,64.2,4,19.9,21.4,388
74.4347826086957,76,65.1,3.2,19.7,16.2,376
59.5217391304348,62,63.3,1.9,20,10.3,224
54.195652173913,57,66.1,1.9,19,8.9,206
54.195652173913,57,60.9,1.3,18.8,6.5,143
51,54,60.7,1.1,18.9,5.1,113
47.1698113207547,50,65.2,1,18.1,4.6,93
41.5094339622642,44,65.1,0.5,18.3,2.1,58
32.0754716981132,34,67.5,0.5,17.8,3.2,56
41.5094339622642,44,66.7,0.8,16.9,3.9,105
72.304347826087,74,60.6,1.2,17.8,6,243
101,101,60.8,2.7,17.6,13.8,492
101.028008002286,103,57.8,3,17.9,14.8,435
76.5652173913043,78,53.2,1.5,15.4,5.9,286
70.1739130434783,72,49.9,1.2,16.5,5.3,281
101.92426407545,167,57.7,4.7,24.8,30.9,652
102.302372106316,194,58.9,8,24.6,43.7,895
101.994284081166,172,61.8,7.7,23.9,40,826
101.462132037725,134,65.9,6.8,23,35.9,648
101.406116033152,130,67.7,6,22.4,30.1,629
101.168048013718,113,69.2,4.7,22,22.3,529
98.9347826086957,99,69.6,3.4,21.8,17.7,405
101.112032009145,109,68.3,3.9,21.9,19.5,461
101.056016004573,105,69.7,4.4,21.7,22.3,486
90.4130434782609,91,70.3,3.3,21.3,15.4,335
75.5,77,71.7,2,20.8,9.3,210
57.3913043478261,60,69.5,0.8,21.3,5.1,149
70.1739130434783,72,67.5,1.3,21.5,8.8,203
81.8913043478261,83,64.8,2.7,21.9,16.6,332
101.04201200343,104,61.4,3.6,22.6,24.3,446
101.252072020577,119,61.5,3.6,22.6,20.6,524
101.056016004573,105,52.3,2.6,25.5,15.6,347
90.4130434782609,91,47.6,2,27,12.2,273
101.028008002286,103,53.3,3.3,25.2,17.7,404
101.140040011432,111,48.5,2.1,27.2,15,312
101,101,50,2.9,26.9,16.7,369
101.014004001143,102,52.2,3,26.5,17.7,362
101,101,51,3.2,27,20.9,335
101.238068019434,118,55.8,4.4,25.9,28.7,447
101.26607602172,120,59.4,6,25.1,34.8,576
101.084024006859,107,58.7,5,24.7,27.5,486
101.04201200343,104,62.2,4.3,23.6,24.9,439
90.4130434782609,91,67.1,4.3,22.4,24.2,462
90.4130434782609,91,69.2,4.2,21.6,22.2,441
72.304347826087,74,68.5,2.2,21.3,13.2,223
60.5869565217391,63,68.6,1.3,21.2,7.9,126
54.195652173913,57,70.6,1,20.3,5.9,116
46.2264150943396,49,74.4,0.9,18.7,5.8,198
52.0652173913044,55,69.2,1,19.8,6.5,185
76.5652173913043,78,69.4,2.8,19.8,19.5,425
90.4130434782609,91,66.7,4.1,20.4,28,465
87.2173913043478,88,60.6,2.9,22.3,18.7,341
81.8913043478261,83,59.9,2.7,22.6,18.3,316
79.7608695652174,81,54.5,2.1,24.5,14.3,241
81.8913043478261,83,55.4,2.4,24.4,16.5,266
101.140040011432,111,51.9,3.8,26,22.9,412
101.154044012575,112,49.1,3.7,26.8,22.3,394
101.154044012575,112,49.8,3.7,26.4,22,365
101.504144041155,137,48.6,5.5,26.9,27.7,548
101.714204058302,152,48.9,5.4,26.2,29.8,494
101.868248070877,163,54.3,8.4,24.3,40,686
101.476136038868,135,58.1,6.8,23.3,35.1,556
101.252072020577,119,62.5,4.5,22.3,25.5,467
90.4130434782609,91,66.1,2.5,21.3,13.7,297
72.304347826087,74,65.7,1.6,21.2,9.7,164
71.2391304347826,73,68.1,1.7,20.3,9.8,196
69.1086956521739,71,66.7,1.7,20.4,10.1,201
54.195652173913,57,67.5,1.1,19.9,6,132
48.1132075471698,51,70,1,19.1,6,146
40.5660377358491,43,72.1,0.7,18.1,4.6,127
49.0566037735849,52,72.3,1.2,18.1,7.6,217
62.7173913043478,65,74.8,2.3,17.6,13.6,394
66.9782608695652,69,72.8,3,18.2,16,511
90.4130434782609,91,65.8,3.3,20.2,18.9,523
91.4782608695652,92,61.4,2.8,21.6,15.7,471
101.014004001143,102,57.5,3,23.3,16.2,441
101.238068019434,118,52.4,3.4,25,19.4,414
101.140040011432,111,50.8,3,25.4,16.9,317
101,101,47.1,2.3,26.1,12.5,230
101.252072020577,119,44.2,3.1,27,15.8,365
101.196056016005,115,43,3,27.2,16,360
101.26607602172,120,48.3,3.3,25.6,16.3,420
101.196056016005,115,57.9,4,23.3,21,475
101.238068019434,118,63.6,4.6,22.2,23.1,526
101.224064018291,117,67.7,4.1,21.6,17.7,460
95.7391304347826,96,69.3,2.3,21,12.2,255
88.2826086956522,89,70.5,2.6,20.3,14.6,283
82.9565217391304,84,69.5,2.6,20,13.1,271
96.804347826087,97,70.1,2.9,19.7,15.5,315
65.9130434782609,68,70.7,2.1,19.5,11.8,227
63.7826086956522,66,71.4,2.1,19.4,10.9,243
45.2830188679245,48,75.4,1.4,18,8.6,139
44.3396226415094,47,78.4,1.2,17.3,7.5,182
45.2830188679245,48,76.6,1.5,17.5,8.1,196
42.4528301886792,45,66.7,0.9,20,4.8,108
56.3260869565217,59,70,1.4,19.1,7.8,175
82.9565217391304,84,61.7,2.1,21.4,9.7,266
70.1739130434783,72,50.4,1.6,24.6,8.4,179
65.9130434782609,68,49.1,1.5,25,7.6,154
49.0566037735849,52,46.7,1.1,25.3,5.9,95
68.0434782608696,70,47.9,1.4,24.8,7.4,151
89.3478260869565,90,48,2,25.3,10.1,230
86.1521739130435,87,44.9,2,26.5,9.7,239
98.9347826086957,99,50.1,2.5,25,11.8,306
101.378108030866,128,57.6,4.3,22.9,20.3,472
101.364104029723,127,62.9,5.2,21.7,24.3,532
98.9347826086957,99,63,3.4,21.8,15.6,375
70.1739130434783,72,63.4,1.3,21.2,7.3,147
59.5217391304348,62,65.8,1.2,20.2,7.1,118
59.5217391304348,62,71.5,1.7,18.4,9,181
60.5869565217391,63,72.4,1.7,17.9,8.9,209
53.1304347826087,56,75.4,1.4,16.9,7.2,167
41.5094339622642,44,75.5,0.9,16.5,4.4,112
45.2830188679245,48,76.9,0.9,16.2,5.9,181
56.3260869565217,59,79.6,1.2,15.8,7.2,253
75.5,77,76.3,3.2,16,18.5,521
87.2173913043478,88,74.3,4.4,16.3,25,649
101.140040011432,111,66.3,3.5,18.7,18.8,516
101.182052014861,114,60.2,3.2,20.5,19.5,487
101.098028008002,108,66.2,3,19.3,18.2,529
101.140040011432,111,63.9,3.5,20,20,565
101.35010002858,126,59.4,4,21.4,24.8,558
101.224064018291,117,60.9,3.8,21.5,23.1,568
101.252072020577,119,60.9,4.2,21.6,25.5,605
101.336096027436,125,62,5,21.6,32,666
101.798228065161,158,61.9,7.9,21.7,46.3,814
101.672192054873,149,64.9,8.4,21,44.5,860
101.490140040011,136,68.6,8,20,41,820
101.154044012575,112,71.4,6.4,19.3,32.5,742
86.1521739130435,87,73.4,3.5,18.5,19.1,492
80.8260869565217,82,75.6,3.5,17.7,19.6,464
64.8478260869565,67,70.4,1.9,18.5,10.7,258
65.9130434782609,68,76.1,2.2,17,12.2,311
57.3913043478261,60,74.9,1.6,16.8,8,231
45.2830188679245,48,78.5,1,15.5,5.5,127
43.3962264150943,46,79.4,0.9,14.8,5.9,138
51,54,77,1.4,15.7,8.6,228
80.8260869565217,82,75.9,3,16.2,18.7,383
92.5434782608696,93,75.9,4.5,16.3,25,581
94.6739130434783,95,70.6,3.8,17.7,19.6,545
101.26607602172,120,67.6,3.4,18.3,20.8,593
101.434124035439,132,62,3.5,20.1,20.1,602
101.630180051443,146,54.5,4.4,22.6,26.7,624
101.784224064018,157,47.1,4,24.6,23.6,546
101.798228065161,158,48.3,4.5,24.9,26.4,597
102.036296084596,175,50,5.3,24.9,30.9,688
101.910260074307,166,55,5.8,24,32.8,760
102.204344098314,187,58.7,8.4,23.2,45.9,918
102.106316090312,180,61.5,9.5,22.5,52.1,952
101.462132037725,134,61,6.2,22.2,36.6,685
101.364104029723,127,58.3,5,22.6,24,561
94.6739130434783,95,57.4,2.1,21,9.8,239
77.6304347826087,79,63.7,1.4,19.8,7.9,175
76.5652173913043,78,78.8,1.6,17.7,7.5,169
78.695652173913,80,80.5,2,17.6,9.2,215
64.8478260869565,67,81.3,1.2,17.4,5.7,115
58.4565217391304,61,81,0.8,17.4,4.4,94
53.1304347826087,56,81.3,0.7,16.8,5.1,132
65.9130434782609,68,78.8,1.7,17.6,10.5,295
101,101,75.7,3.4,18,20.6,517
101.252072020577,119,74.8,4.9,18,28.5,555
101.098028008002,108,74,2.7,18.2,12.7,429
101.434124035439,132,65.4,3.2,19.7,16.1,561
101.406116033152,130,57.9,2.7,21,14.9,427
101.392112032009,129,58.6,3.2,20.7,16.8,445
101.224064018291,117,67.1,4.1,19.5,21.8,538
101.252072020577,119,76.2,3.6,18.5,18.6,556
101.168048013718,113,69.7,2.8,19.6,14.5,370
101.014004001143,102,65.3,2.1,19.9,13.4,257
101,101,63.3,2.4,20,15.8,266
101.210060017148,116,66.4,3.6,19.2,20.7,403
101,101,67.5,2.6,19.3,16.6,275
93.6086956521739,94,71.4,2.8,18.2,15.3,338
73.3695652173913,75,71.2,1.4,17.8,8,176
66.9782608695652,69,69.9,1.1,17.6,5.8,159
57.3913043478261,60,75.9,1.3,16,7,147
55.2608695652174,58,72,0.9,16.9,4.5,99
48.1132075471698,51,76.3,1,15.7,5.2,98
42.4528301886792,45,78.7,0.9,14.8,4.4,109
45.2830188679245,48,78,0.8,15.2,5.2,163
58.4565217391304,61,77.2,1.6,15.5,10,326
87.2173913043478,88,76.4,3.4,15.7,20,640
101.014004001143,102,76.4,4.4,16,25.8,736
96.804347826087,97,73.8,3.5,16.7,20,667
101.210060017148,116,66.3,3.4,18.6,20.6,677
101.154044012575,112,58.1,2.4,20.4,12.2,425
101,101,57.3,2.3,20.6,13.1,349
98.9347826086957,99,53.6,2.6,21.6,14.5,332
101.168048013718,113,55.6,2.9,21.4,17.5,412
101.294084024007,122,63,4.4,20.7,25.9,631
101.532152043441,139,61.9,5,21.3,26.6,677
101.672192054873,149,64,6.5,20.8,35.3,761
101.490140040011,136,66.7,5.9,20.3,28.2,650
101.028008002286,103,64.5,2.7,19.7,14.2,262
101.154044012575,112,64,2.5,19.4,12.4,292
87.2173913043478,88,60.8,1.5,20.1,6.6,177
60.5869565217391,63,60.4,1,20.4,4.8,103
66.9782608695652,69,62.6,1.2,20.1,5.4,127
62.7173913043478,65,64.9,1,19.9,4.3,119
47.1698113207547,50,74.7,0.8,18.2,2.9,83
40.5660377358491,43,73.8,0.6,18.4,2.5,65
66.9782608695652,69,76.4,1.1,18.5,6.1,200
90.4130434782609,91,71.6,1.3,19.3,7.7,242
101.140040011432,111,66.9,2.9,20.2,15.9,366
101.322092026293,124,64.7,3.7,20.8,22.8,404
101.252072020577,119,61.8,3,21.9,16.6,429
75.5,77,57.7,1.4,23.5,8.4,169
101,101,81,2.6,19.8,13.9,419
101.210060017148,116,86.5,4.2,20.2,24.9,603
101.504144041155,137,82.2,5.1,20.2,22.4,589
101.868248070877,163,82.2,5.5,19.7,26.1,706
101.602172049157,144,79.1,4.5,20.2,18.1,592
101.238068019434,118,75.4,2.7,20.1,13.9,305
101.476136038868,135,72.3,3.1,20.2,18.5,371
101.392112032009,129,73.3,4.2,20,20.9,465
101.378108030866,128,74.9,3.1,18.3,12.9,390
101.028008002286,103,70.4,1.7,18.9,6.7,227
101.210060017148,116,76.3,1.8,17.3,7,284
94.6739130434783,95,77.9,1.7,17.1,7.3,211
101.084024006859,107,79.3,2.1,17.3,9.1,297
101.098028008002,108,79.9,2.4,17.3,9.9,351
93.6086956521739,94,80.6,1.8,16.9,6.9,259
82.9565217391304,84,81.4,1.5,16.9,6.5,214
74.4347826086957,76,79.7,1,16.7,5.4,192
80.8260869565217,82,79,1.4,16.8,7.8,237
93.6086956521739,94,79.8,2.4,16.8,13.6,413
101.014004001143,102,79.9,3.1,16.9,15.4,455
101.070020005716,106,79.3,3,17.4,14.4,493
101.098028008002,108,76.6,2.7,18,14.3,482
101.714204058302,152,64.4,4,21.2,20.3,599
101.826236067448,160,60.8,3.7,22.4,18.7,481
101.448128036582,133,61.1,3.4,22.6,17.3,406
101.644184052586,147,57.3,3.4,23.6,16.9,419
101.476136038868,135,58.3,3.2,23.5,16.4,387
101.476136038868,135,61.6,3.9,22.9,19.1,461
101.392112032009,129,64.3,3.7,22.3,18.7,493
101.224064018291,117,68,4.3,21.6,22.4,532
101.210060017148,116,67.4,4.9,21.2,25.3,581
101.112032009145,109,65.8,4,20.8,17.7,494
95.7391304347826,96,64.8,2.8,20.4,13.8,392
89.3478260869565,90,66.7,2.4,20.1,10.2,311
80.8260869565217,82,70,1.9,19.5,8.6,236
85.0869565217391,86,70.4,2,19.3,7.9,270
70.1739130434783,72,68.6,1.5,19.7,5.7,199
58.4565217391304,61,68.2,1.3,19.7,6.4,146
34.9056603773585,37,71.3,0.5,18.9,2.1,55
29.2452830188679,31,79,0.4,18.1,1.2,43
28.3018867924528,30,71.2,0.4,20.4,1.4,46
38.6792452830189,41,70.7,0.9,20.6,4.6,139
61.6521739130435,64,74.1,1.3,19.3,5.7,169
72.304347826087,74,64.4,2.1,22.2,10.6,254
75.5,77,64.6,2.4,23,11,303
81.8913043478261,83,57.4,2,24.3,8.6,259
69.1086956521739,71,67,1.8,22,8.8,226
59.5217391304348,62,65.7,1.5,22.9,7.5,161
59.5217391304348,62,63.9,1.6,23.2,11.6,182
77.6304347826087,79,62.3,2.2,23,10.1,289
92.5434782608696,93,63.2,2.3,22.4,10.8,340
101.070020005716,106,66.6,6.6,21.7,30.3,544
100,100,70.3,4.7,21.2,22.4,543
88.2826086956522,89,70.9,4.1,20.8,20.6,501
81.8913043478261,83,73.2,4.1,20,17.5,521
74.4347826086957,76,73.7,2.7,19.7,13.9,352
65.9130434782609,68,72.6,2.6,19.9,13.6,321
66.9782608695652,69,71.3,3.2,20.1,15.9,318
75.5,77,71.1,3.7,20.1,17.8,338
65.9130434782609,68,73.2,3.5,19.6,16.7,353
46.2264150943396,49,78.1,2.7,18.4,15,279
42.4528301886792,45,74.7,1.8,19.2,9.6,200
48.1132075471698,51,75.1,1.3,19.4,7.8,180
48.1132075471698,51,75.6,1.5,19.1,8.7,213
59.5217391304348,62,71.1,1.9,20.3,9.8,266
72.304347826087,74,61.3,2.2,23.1,12.4,247
87.2173913043478,88,56,2.6,25.1,13.9,326
89.3478260869565,90,56.1,2.7,25.8,12.5,319
90.4130434782609,91,68.2,2.5,23.7,10.9,320
61.6521739130435,64,70.8,1.5,23.1,6.5,174
70.1739130434783,72,66.3,2,23.9,9.4,216
87.2173913043478,88,65,3.1,23.8,15.3,376
101.126036010289,110,65.6,3.7,23.2,16.4,496
94.6739130434783,95,72.7,4,21.8,19.8,523
90.4130434782609,91,67.3,4.1,21.7,15.8,465
93.6086956521739,94,66.3,3.1,21.3,14.5,407
85.0869565217391,86,71.6,3.2,20.4,14.7,412
77.6304347826087,79,75.3,3.2,19.6,15.3,403
69.1086956521739,71,75.8,2.7,19.3,13,357
59.5217391304348,62,76.3,2.3,18.4,10.5,259
53.1304347826087,56,76.4,1.6,18.2,7.6,227
46.2264150943396,49,74.8,1.1,17.9,4.8,147
33.0188679245283,35,73.2,0.6,17.6,2.7,96
34.9056603773585,37,69.3,0.5,17.9,3,73
53.1304347826087,56,76.3,1.5,16.1,8.7,309
84.0217391304348,85,72.8,3.4,17.1,20.7,607
101.154044012575,112,57.9,4.4,20.8,25.2,562
101.084024006859,107,60.2,4.4,20.6,23.6,560
101.700200057159,151,56.6,5.8,22.1,32.9,844
101.700200057159,151,50,4.9,24,25.6,667
101.686196056016,150,45.6,5.1,25.7,31.2,583
102.246356101743,190,49.7,7.5,25.5,37.9,726
101.938268076593,168,50.6,5.8,25.2,32.3,674
101.364104029723,127,50.7,5.9,25.4,31.5,544
101.546156044584,140,56,6.8,24.4,38,715
101.798228065161,158,62.1,7.9,23,44.1,789
101.280080022864,121,65.3,8,21.8,44.9,737
101.252072020577,119,67.5,9.2,20.9,48.2,859
95.7391304347826,96,68.6,5.9,20.2,29.1,668
75.5,77,70.8,3.7,19.3,19.1,454
63.7826086956522,66,68.8,2.6,19.2,13.9,337
53.1304347826087,56,61.1,1.1,20.4,6.8,127
59.5217391304348,62,71.5,2.6,18,13.2,281
55.2608695652174,58,73.2,2.2,17.5,10.7,252
33.0188679245283,35,71.9,0.5,16.8,2.7,69
47.1698113207547,50,70.5,0.7,16.9,4.3,151
61.6521739130435,64,70.1,1.3,17,8,231
73.3695652173913,75,62.5,2.2,18.8,15.5,297
101,101,58.4,3.7,20.3,23.8,515
93.6086956521739,94,49.1,3.7,23.7,21,499
94.6739130434783,95,42.8,3.4,26.6,19.3,445
101.322092026293,124,43.5,3.4,26.2,19.7,464
85.0869565217391,86,43.6,2.6,26.3,13.2,298
77.6304347826087,79,42.5,2.5,26.6,13,266
86.1521739130435,87,43.7,2.5,26.3,12.9,323
93.6086956521739,94,46.2,2.7,25.6,15.1,352
101.084024006859,107,47.6,3.2,25.1,16.3,372
101.084024006859,107,51.4,3.7,23.8,20.5,383
101.224064018291,117,53.1,4.6,23.3,24.4,455
96.804347826087,97,55.2,3.3,22.4,18.7,355
89.3478260869565,90,57.7,2.4,21.7,12.7,267
85.0869565217391,86,63,2.8,20.5,15.6,308
75.5,77,67.6,2.7,19.5,14.2,313
63.7826086956522,66,69,1.8,18.7,9.9,216
54.195652173913,57,65.5,1.1,19.3,6.3,137
52.0652173913044,55,70.8,1.2,17.6,5.2,140
37.7358490566038,40,68.1,0.6,17.8,2.9,94
37.7358490566038,40,73.5,0.5,16.1,2.6,79
43.3962264150943,46,73.5,0.7,15.8,4.7,156
50,53,68,0.8,17,5.1,153
82.9565217391304,84,72.2,3.5,16,22.2,464
87.2173913043478,88,65.4,3.6,17.8,23.3,435
101.980280080023,171,61.1,8.7,23.1,47.5,1014
101.322092026293,124,63.7,5.8,22.2,33,633
96.804347826087,97,66.1,4.3,21.1,27.2,485
91.4782608695652,92,69,3.6,20,21.8,480
95.7391304347826,96,72,3.9,19.1,21.3,572
72.304347826087,74,70.6,2.4,18.8,13.3,345
62.7173913043478,65,69.5,1.6,18.5,8.8,195
59.5217391304348,62,68.5,1.8,18.4,9.2,213
56.3260869565217,59,73.3,1.5,16.8,7.6,216
38.6792452830189,41,71,0.5,16.5,2.8,73
35.8490566037736,38,67.9,0.4,16.9,2.2,67
40.5660377358491,43,69.3,0.5,16.1,3.4,96
49.0566037735849,52,69.6,0.8,16.1,5.7,162
73.3695652173913,75,70.1,2,16.2,16.3,305
101.238068019434,118,69.3,6.2,16.5,37.9,725
101.35010002858,126,58.3,4.5,19.6,25.5,658
101.700200057159,151,55.5,4.6,20.7,24.2,710
101.084024006859,107,56.3,3.3,20.8,20.9,445
101.182052014861,114,53.1,3.6,21.7,22.1,455
101.336096027436,125,49,4.4,23,25,524
101.518148042298,138,44,4.3,24.2,26.4,527
101.602172049157,144,43.6,5,24.7,29.8,601
102.106316090312,180,54.2,8.1,23,45,1001
101.742212060589,154,60.9,8,21.4,42.8,852
101.056016004573,105,61.4,3.6,20.3,22.4,370
97.8695652173913,98,63.2,2.9,20,15.9,348
92.5434782608696,93,64.4,2.7,19.1,14.3,361
74.4347826086957,76,67.5,1.9,18.1,10.7,255
66.9782608695652,69,66.9,1.3,17.8,7.6,162
63.7826086956522,66,66.5,1.2,17.6,6.7,166
74.4347826086957,76,71.2,1.8,16.1,9,247
71.2391304347826,73,73.3,1.9,15.5,9,255
51,54,70.8,0.9,15.6,4.3,129
41.5094339622642,44,64.5,0.5,17,2.8,83
42.4528301886792,45,72.3,0.6,14.9,3.7,114
55.2608695652174,58,76.6,1.1,14,6.3,233
86.1521739130435,87,74.2,2.8,14.6,14.5,448
96.804347826087,97,69.8,2.9,15.9,16.4,455
78.695652173913,80,61.3,1.7,18.4,10.9,254
80.8260869565217,82,56.7,2.3,20,14.1,313
101.154044012575,112,57,3.3,20.4,17.1,490
101.280080022864,121,59.3,3.5,20.7,19.4,496
101.434124035439,132,54.8,3.8,21.7,20.9,514
101.560160045727,141,54.2,3.4,22,17.7,454
101.406116033152,130,57.1,3.8,21.4,19.8,507
101.168048013718,113,58.7,3.6,20.8,19.5,474
101,101,59.6,3.5,20.1,17,404
90.4130434782609,91,58.4,2.8,20,14.6,356
89.3478260869565,90,58.9,2.5,19.5,12,345
89.3478260869565,90,57.4,3.1,19.5,13.3,395
81.8913043478261,83,59.2,1.8,19.1,7.9,249
71.2391304347826,73,59.1,1.6,18.8,7.9,197
78.695652173913,80,60.4,1.9,18,7.5,224
86.1521739130435,87,60.7,2,17.5,8.4,231
77.6304347826087,79,59.4,1.4,17.5,6.9,177
39.622641509434,42,49.8,0.7,16.1,2.1,64
29.2452830188679,31,51.5,0.4,15.5,1.5,44
33.0188679245283,35,52,0.4,15.1,1.2,53
48.1132075471698,51,46.8,0.5,14.9,1.6,94
55.2608695652174,58,42.4,0.7,15.5,1.9,100
54.195652173913,57,38.2,0.7,16.6,2,98
60.5869565217391,63,34.7,0.7,18,2.7,115
58.4565217391304,61,35.1,1,18,3.6,115
32.0754716981132,34,33.8,1,17.6,3.7,76
24.5283018867925,26,33.7,0.9,17.5,3.9,55
26.4150943396226,28,33.9,0.9,17.2,3.8,59
47.1698113207547,50,32.1,0.9,16.8,3.4,95
52.0652173913044,55,34.1,1.1,16,4,107
82.9565217391304,84,37.5,3.2,14.8,14.3,189
101.546156044584,140,39.2,3.1,14.4,10.5,386
101.518148042298,138,43,3.1,14.1,12.2,412
101.364104029723,127,48.4,2.3,13.4,11.4,342
101.224064018291,117,51.2,1.8,12.7,7.3,255
54.195652173913,57,71.4,0.8,9.9,2.4,89
56.3260869565217,59,71.6,0.9,10.2,2.7,106
59.5217391304348,62,61.3,0.8,10.6,2.5,109
39.622641509434,42,55.6,0.7,11.1,1.7,67
12.2641509433962,13,49.5,0.2,11.3,0.3,13
16.9811320754717,18,50.9,0.2,10.8,0.4,20
24.5283018867925,26,50.1,0.3,10.9,0.6,33
70.1739130434783,72,49.7,0.7,10.8,2.1,146
101.420120034296,131,50.4,1.7,10.7,7.4,359
101.448128036582,133,50,1.8,10.9,5.9,322
101.210060017148,116,46.5,1.5,12.1,4.8,293
101.224064018291,117,44.1,1.3,12.4,4.5,255
101.028008002286,103,40.1,1.2,13,5.1,233
100,100,36.3,1.3,13.4,6,220
101.056016004573,105,38.5,1.8,13.1,10,246
101.280080022864,121,46.4,1.7,11.5,7.8,272
101.434124035439,132,40.4,2.2,13.1,11.2,358
101.770220062875,156,39.3,3.2,13,17,514
102.148328093741,183,50.9,5.9,11.3,31,742
27.3584905660377,29,64.5,0.2,8,0.5,32
24.5283018867925,26,68.6,0.2,8.1,0.5,29
36.7924528301887,39,84.8,0.3,6.3,0.9,48
70.1739130434783,72,79.8,0.5,6.7,1.6,113
101.378108030866,128,77.9,1.4,7.1,5.8,267
101.672192054873,149,73.5,2,7.9,9.5,332
101.896256073164,165,86,1.6,6.9,6.7,354
101.686196056016,150,87.1,1.3,6.8,4.4,316
101.896256073164,165,81.6,1.4,8,6.8,395
102.036296084596,175,70,1.9,9.5,7.8,391
101.6161760503,145,62.2,2.7,10.5,10.8,457
97.8695652173913,98,59.1,2.1,11.4,9.8,448
101.056016004573,105,58.6,2.4,11.1,11.3,543
101.070020005716,106,57.6,2.7,10.8,12.3,574
101.560160045727,141,56.9,2.5,10.6,12.6,435
102.064304086882,177,59.3,3.7,10.6,17,504
102.134324092598,182,71.5,4.6,10,21.4,586
102.288368105173,193,71.1,3.9,10.3,15.3,580
101.65818805373,148,70.3,2.2,10.5,9.9,346
101.92426407545,167,71.3,2.7,10.2,13.4,531
101.798228065161,158,73.1,2.6,9.7,11.2,477
101.434124035439,132,73.5,2.1,9.3,9.4,344
96.804347826087,97,73.9,1.4,9.2,6.6,219
72.304347826087,74,81.2,1.1,7.6,5.4,174
65.9130434782609,68,81.5,1.1,7.5,5.3,165
88.2826086956522,89,77.2,1.1,8.3,6.1,250
101.224064018291,117,75.6,1.5,8.9,8.1,388
102.246356101743,190,81.7,3.1,9.2,17.3,758
102.54044012575,211,83.4,6.8,9.9,32.3,1247
102.246356101743,190,82.3,5.4,10.2,24.1,1110
102.302372106316,194,80.7,4.5,11.2,21,1145
102.526436124607,210,76.1,3,11.8,12.7,720
102.372392112032,199,71.3,2.8,12.5,13.6,557
102.078308088025,178,68.4,3.9,13.2,18,678
102.162332094884,184,73.2,3.4,12.5,14.3,659
102.190340097171,186,75.7,3.2,12.2,13.7,552
101.938268076593,168,78.1,2.8,11.5,11.2,395
102.204344098314,187,76,3.9,11.6,16.5,573
101.910260074307,166,73.3,3.5,12,16.1,463
102.064304086882,177,68.8,4.7,12.9,20.6,568
102.484424121177,207,69.6,4.6,13.1,16.8,706
101.182052014861,114,73.4,1.2,12.3,4.8,193
82.9565217391304,84,71,1.1,12.7,4,151
91.4782608695652,92,69.9,1.2,12.9,4.5,167
101.140040011432,111,70.5,1.6,12.9,5.4,239
69.1086956521739,71,67.7,0.7,13.1,2.4,102
47.1698113207547,50,64.4,0.6,13.7,1.7,71
50,53,63.8,0.5,13.9,1.7,79
64.8478260869565,67,64.5,0.6,14.1,2.3,117
101.168048013718,113,66.1,1.4,14,5.7,266
101.546156044584,140,66.4,2,14.2,7.9,340
101.210060017148,116,62.5,1.6,14.9,6.4,257
101.294084024007,122,58.4,1.6,16.3,6.9,311
101.210060017148,116,56.5,1.7,16.9,6.7,279
101.238068019434,118,55.8,2,17.4,8.7,267
101.336096027436,125,57.3,2.3,17.4,9.9,310
101.35010002858,126,55.5,2.4,17.7,11.4,352
101.476136038868,135,58.9,2.2,16.8,9.8,337
101.546156044584,140,57.5,2.6,17,12.9,358
101.868248070877,163,60.2,4,16.2,16.6,547
102.078308088025,178,58,5.2,16.7,20.8,600
101.826236067448,160,58.8,3.9,16.5,18.8,470
101.910260074307,166,61.1,3.8,15.8,12.6,522
101.196056016005,115,60.8,1.6,15.7,5.9,208
101.084024006859,107,59.6,1.5,15.9,6.1,205
101.098028008002,108,60,1.6,15.6,5,217
101.140040011432,111,60.1,1.5,15.6,4.9,216
73.3695652173913,75,59.5,1,15.7,2.7,117
87.2173913043478,88,61.7,1.3,15.6,5,174
69.1086956521739,71,59.9,1,15.8,3.7,111
73.3695652173913,75,61.8,1,15.2,3.8,147
85.0869565217391,86,55.4,0.9,16.1,3.3,140
101.322092026293,124,64.1,2.1,14.9,9.7,421
101.378108030866,128,62,2.1,15.6,10.7,350
101.882252072021,164,54.6,3.1,17.9,14.7,550
102.372392112032,199,44.5,3.8,21.1,17.6,589
102.27436410403,192,46.7,3.7,20.3,17.5,537
101.910260074307,166,42.7,3.6,21.5,14.1,473
101.448128036582,133,43.1,3.3,21.5,12.1,364
101.238068019434,118,43.4,2.1,21.5,9.2,270
101.448128036582,133,45.5,2.3,20.8,10.6,368
101.378108030866,128,49.6,2.1,19.2,9,318
101.210060017148,116,51.6,1.9,18.3,7.5,244
101.238068019434,118,51.5,1.9,17.7,8,234
101.574164046871,142,51.5,2.3,17.2,9.1,296
101.168048013718,113,54.9,1.7,15.9,4.7,205
56.3260869565217,59,55.2,0.8,14,1.8,95
49.0566037735849,52,53,0.8,13.3,2.1,93
54.195652173913,57,55.5,0.8,11.9,1.8,100
55.2608695652174,58,54.6,0.8,11.4,1.8,100
41.5094339622642,44,53.7,0.6,10.4,1,63
24.5283018867925,26,51.3,0.3,9.8,0.7,36
18.8679245283019,20,52.2,0.3,9.5,0.4,24
16.0377358490566,17,45.7,0.2,10,0.2,20
19.811320754717,21,41.9,0.2,10.2,0.2,25
27.3584905660377,29,36.1,0.3,10.6,0.3,39
36.7924528301887,39,36,0.3,10.7,0.4,57
38.6792452830189,41,35.4,0.4,10.8,0.5,59
41.5094339622642,44,32.9,0.4,11.4,0.6,65
51,54,32,0.6,12.4,1.1,93
59.5217391304348,62,31.3,0.6,12.4,1.2,112
59.5217391304348,62,31.8,0.6,12.2,1.4,110
45.2830188679245,48,37.9,0.5,10.5,1.1,81
56.3260869565217,59,44.2,0.6,9.6,1.3,100
60.5869565217391,63,57.9,0.7,8.2,1.8,109
76.5652173913043,78,63.5,1.4,7.3,4.7,148
98.9347826086957,99,55.7,1.2,8.4,3,207
101.070020005716,106,49.6,1.1,9.1,3,210
96.804347826087,97,41.4,1,10,2.8,180
64.8478260869565,67,36.2,0.6,10.4,1.6,109
71.2391304347826,73,32.3,0.8,11.3,2.3,128
59.5217391304348,62,33.5,0.6,10.9,1.3,96
41.5094339622642,44,34.9,0.5,10.6,1.1,65
29.2452830188679,31,36.1,0.3,10.7,0.6,42
20.7547169811321,22,38.6,0.3,10.4,0.4,28
38.6792452830189,41,37.4,0.4,10.4,0.8,55
93.6086956521739,94,37,0.7,10.5,2,181
101.92426407545,167,37.9,2,10.7,8.7,480
101.854244069734,162,38.1,2.4,11.1,8.6,442
101.560160045727,141,36.6,1.8,12.6,6.8,361
101.364104029723,127,36.2,1.6,13.8,6.2,288
101.210060017148,116,37.1,1.7,13.4,6.4,330
101.04201200343,104,34.9,1.8,13.5,6.7,300
101.140040011432,111,32.2,1.7,13.7,6.2,239
101.182052014861,114,32.1,1.7,13.6,6.7,265
101.280080022864,121,31.8,1.7,13.5,7.8,287
101.882252072021,164,27.9,2.6,13.5,11.5,403
102.302372106316,194,28.9,4,12.7,16.7,515
102.036296084596,175,30.2,3.8,12.6,16.6,446
102.106316090312,180,32,4,12.3,16.3,501
101.644184052586,147,34.3,2.4,12,8.6,355
101.154044012575,112,37.3,1.4,11.6,5.4,217
93.6086956521739,94,40.3,1.3,11.3,4,180
90.4130434782609,91,41.8,1.3,11.3,3.9,167
74.4347826086957,76,42,1,11.2,2.8,126
71.2391304347826,73,42.6,0.8,11,2.2,113
30.188679245283,32,40.8,0.4,11.1,0.7,37
37.7358490566038,40,41.8,0.5,10.7,0.7,50
60.5869565217391,63,43.6,0.5,10.2,1.2,96
101.252072020577,119,44,0.9,10.1,3.3,271
102.414404115462,202,45.6,3.5,10.1,16.6,892
102.694484138325,222,43.9,5.2,11.3,26.3,1071
102.554444126893,212,33.8,4.3,14.5,16.4,839
102.652472134896,219,26.4,3.5,17.5,15.5,713
102.2323521006,189,22.4,2.6,17.2,10.7,498
101.644184052586,147,20.4,2.5,17.3,11.1,389
101.840240068591,161,21,2.8,18.1,11.7,457
101.65818805373,148,22.3,2.2,17.9,10.9,425
101.65818805373,148,23.7,2.4,17.6,11.4,483
102.218348099457,188,25.9,3.5,16.7,16.3,604
102.470420120034,206,29.6,4.2,14.8,18.5,648
101.938268076593,168,34,3.1,13.6,14.5,427
101.980280080023,171,40.4,3.2,13.4,15.8,461
101.980280080023,171,44.3,2.8,11.8,13.2,436
101.574164046871,142,47.5,2.2,10.7,7.8,300
101.462132037725,134,49.4,1.8,10.2,6.1,277
101.084024006859,107,51,1.7,9.5,5,196
101.280080022864,121,57.9,1.6,7.7,5.3,277
84.0217391304348,85,54.5,1.1,8.4,2.9,131
65.9130434782609,68,61,0.7,6.2,1.2,97
66.9782608695652,69,58.6,0.8,6.8,1.6,105
79.7608695652174,81,62.7,0.9,5.7,2,138
91.4782608695652,92,62,1.2,5.9,4,183
102.386396113175,200,61.7,3.3,6.3,15.4,664
102.400400114318,201,58.8,3.8,7.5,19,611
102.568448128037,213,45.4,3.2,11.4,14.6,600
102.204344098314,187,42.3,3.2,13.3,14.4,878
102.456416118891,205,38.9,4.2,14.7,19,905
102.554444126893,212,32.9,4.3,16.5,20.3,808
102.358388110889,198,32.7,4,17.4,19.5,858
101.980280080023,171,33.9,4.1,17.3,21,839
103.394684195484,272,41.5,7.8,16,35.9,1290
102.27436410403,192,52.8,10.2,13.7,47.7,748
103.618748213775,288,55.1,6.6,13,30.1,1148
103.142612174907,254,56.8,4.3,12.4,22,729
103.324664189768,267,62.1,4.9,10.7,19,810
102.358388110889,198,61.1,2.6,10.5,9.2,427
101.6161760503,145,62.5,2.3,9.7,7.1,274
101.92426407545,167,65.5,2.7,8.8,8.2,387
101.364104029723,127,63.8,2.2,8.8,5.1,235
101.252072020577,119,65,2,8.5,5.6,225
82.9565217391304,84,74,1.2,6.4,3.8,185
88.2826086956522,89,76.6,1.1,5.9,3.6,212
101.294084024007,122,76.7,1.4,6.1,6.6,358
101.854244069734,162,74.5,2.1,6.8,9.9,531
102.736496141755,225,72.5,4.5,7.7,21.5,992
103.072592169191,249,67.4,5.6,8.9,27.8,1132
103.534724206916,282,58.3,5.6,11.4,22.9,1195
103.478708202344,278,52.8,4.7,13.4,20.2,1120
103.100600171478,251,50.1,4.2,15.8,19.7,870
102.498428122321,208,50,3.6,18.3,13.8,570
102.204344098314,187,49.2,3.2,18.8,15.3,384
102.134324092598,182,49.6,3.1,18.4,15.9,381
102.554444126893,212,51,3.8,18.3,17.4,541
102.022292083452,174,53.1,3.9,17.6,17.6,484
102.666476136039,220,53.6,4.6,17.3,20.4,549
102.58245212918,214,55.2,4.9,16.8,22.6,596
102.554444126893,212,56.5,5.4,16.6,25.1,620
102.260360102887,191,58.1,4.3,16.3,17.2,542
101.826236067448,160,59,3.1,15.9,11.7,381
101.406116033152,130,59.4,2.5,15.9,9.2,270
101.448128036582,133,60.9,2.4,15.7,7.7,284
101.126036010289,110,59.5,1.9,16.1,5.6,204
62.7173913043478,65,63.8,1.3,15.5,3.3,93
38.6792452830189,41,64.4,1.1,14.7,2.1,51
33.9622641509434,36,59.8,0.9,14.7,1.3,45
42.4528301886792,45,55.9,1,15.4,1.6,68
97.8695652173913,98,63,1.6,14.5,5.3,198
102.302372106316,194,63.1,4.8,14.7,20.5,633
102.260360102887,191,62.2,5.9,15.2,22.7,548
102.288368105173,193,59.2,5.6,16.1,16.7,588
102.820520148614,231,55.9,3.5,17,13.8,612
102.414404115462,202,52.2,2.8,17.6,11.8,428
102.218348099457,188,55.4,3.6,17.3,15.2,463
102.162332094884,184,53.5,4.8,17.8,17.9,479
102.694484138325,222,52.3,5,18.3,14.8,469
102.680480137182,221,52.8,5.6,18.3,18.3,583
102.288368105173,193,56.6,7.5,17.7,24.4,760
102.204344098314,187,58.2,7.2,17.3,25,691
102.218348099457,188,62.6,8.3,16.2,29.8,832
102.176336096027,185,57.5,8.6,15.2,27.9,881
101.630180051443,146,27.7,4.3,14.2,6.5,390
101.26607602172,120,14.3,2.6,13.4,3.6,207
101.126036010289,110,14.8,2.6,12.8,4,204
101.280080022864,121,14,2.7,12.2,3.6,243
101.35010002858,126,14.5,2.7,12,4,264
101.224064018291,117,17,2.6,10.8,3.5,215
68.0434782608696,70,23.1,0.6,9,1.5,92
95.7391304347826,96,24.7,0.7,8.7,2.8,174
101.490140040011,136,39.4,1.2,6.9,6,294
102.064304086882,177,44.8,2,6.3,11.1,412
102.58245212918,214,43.2,2.8,7.2,15.3,573
102.988568162332,243,27.9,2.9,11.9,17.1,661
102.27436410403,192,17.9,2.2,14.8,10.3,555
101.672192054873,149,14.3,1.6,14.8,8.5,363
101.560160045727,141,15.5,1.5,14.7,10.4,302
101.504144041155,137,16.6,1.9,14.7,10.9,340
101.518148042298,138,15.6,1.5,14.8,10.6,306
101.672192054873,149,14.3,1.8,15.3,11.1,377
102.330380108602,196,19.5,3.4,13.5,21.1,625
102.932552157759,239,31.8,4.6,11.1,22.3,870
101.882252072021,164,33.4,1.6,10.2,10.6,421
101.672192054873,149,35.9,1.2,9.5,8.4,294
101.812232066305,159,39.8,1.2,8,7.6,339
101.672192054873,149,44.1,0.9,6.6,7.1,260
101.448128036582,133,45.2,0.7,6.1,7.2,256
102.610460131466,216,50.8,2.5,5.2,13.9,572
102.330380108602,196,53,1.5,4.9,9.7,428
101.26607602172,120,48.7,0.5,5.3,4.9,195
101,101,56.3,0.5,3.1,5.6,160
73.3695652173913,75,52.2,0.1,4.1,2.8,101
71.2391304347826,73,55.9,0.2,3.5,2.7,97
101.210060017148,116,65.3,0.2,1.3,4.9,227
101.434124035439,132,57,0.5,3.2,5.6,253
101.336096027436,125,42.8,0.4,7.2,6.4,234
101.65818805373,148,34.2,0.8,10.3,6.8,291
102.190340097171,186,33.8,1.5,10.9,10.1,402
102.288368105173,193,30,1.9,12.2,11.2,492
102.022292083452,174,24.3,1.1,13.3,8.7,351
101.070020005716,106,18.7,0.3,15.2,5,160
101.364104029723,127,21.7,0.9,14.9,8.2,292
101.994284081166,172,25.4,2.1,13.1,12.7,537
102.092312089168,179,32.7,2.4,11.7,10.9,607
101.686196056016,150,34.4,1.6,10.1,7.4,308
101.644184052586,147,36,1.1,9.8,6.3,277
101.868248070877,163,43.2,1.3,7.1,7.7,348
101.6161760503,145,47.8,0.8,5.9,7.2,267
102.190340097171,186,50.5,1,5.3,7,399
101.210060017148,116,48,0.3,5.6,5,163
101.6161760503,145,55.9,1,3.9,8.2,297
101.294084024007,122,58,0.4,3.3,5,212
101.098028008002,108,57.9,0.1,3.7,4.2,201
101.672192054873,149,54.8,0.4,4.5,6.8,333
102.834524149757,232,55.8,2.4,4.9,16.2,733
102.596456130323,215,55.1,3.1,5.4,50.7,846
102.638468133752,218,51.8,3.1,6.2,63.7,801
102.932552157759,239,49.8,2.7,6.8,25.4,884
102.722492140612,224,50.6,2.3,7.3,20.1,784
102.876536153187,235,49,3,7.8,23.5,896
102.904544155473,237,49.2,3.6,8,25.2,953
102.932552157759,239,49.3,3.1,8.3,21.8,980
102.876536153187,235,49.6,3.5,8.5,22.8,1058
102.372392112032,199,52.6,4,8.5,25.4,1080
102.946556158903,240,53.4,6.3,8.9,38.3,1301
103.016576164618,245,53.8,6.9,9.1,37.6,1345
102.932552157759,239,54.2,6.5,8.9,33.9,1218
102.260360102887,191,54.2,3.3,8.5,22.4,884
101.882252072021,164,57.8,2.4,8.5,16.9,650
101.406116033152,130,71.1,1.7,7.7,13.9,444
101.280080022864,121,72.5,1.3,7.9,11.6,370
101.238068019434,118,75.3,1.1,8,10.8,349
101.168048013718,113,76.2,0.8,8,8.8,287
91.4782608695652,92,81.4,1.3,8.2,6.4,238
97.8695652173913,98,81.1,1.4,8.5,7.7,316
101.140040011432,111,79.3,2.1,8.9,10,508
101.532152043441,139,77.9,4.5,9.5,24,920
101.826236067448,160,77.6,5.7,9.9,27.6,980
102.148328093741,183,76.2,6.6,10.7,31.5,1188
102.176336096027,185,72.2,5,11.8,24.1,1045
102.358388110889,198,66.9,5.3,13.3,26.5,999
102.400400114318,201,67,5.4,13.8,27.1,955
102.8485281509,233,67.6,7.3,13.9,33.2,1189
102.414404115462,202,66.8,5.1,14.2,25.5,933
102.190340097171,186,67.8,5.3,14.2,27.1,898
102.596456130323,215,71,7.3,13.6,35.4,1201
102.764504144041,227,72.6,10.2,13.2,49.5,1369
102.666476136039,220,74.7,11.9,12.4,50.6,1389
102.246356101743,190,76.2,11.5,11.5,49.4,1358
102.078308088025,178,79.3,8.3,10.4,31.7,1189
101.644184052586,147,82.5,4.7,10,21.8,866
101.518148042298,138,82.6,4,10,19.8,718
101.476136038868,135,83.5,3.9,10.1,18.6,715
101.30808802515,123,83.6,2.8,10,13.4,558
101.070020005716,106,80.8,2.3,10.4,10.1,467
79.7608695652174,81,78.8,1.4,10.6,5.4,295
63.7826086956522,66,77.8,1,10.5,3.4,151
61.6521739130435,64,79.2,1,9.8,4.1,188
85.0869565217391,86,80.3,1.8,9.5,8.7,380
101.182052014861,114,80.5,3.8,9.8,18.7,717
101.196056016005,115,80.3,4.2,10.3,21,803
101.126036010289,110,77.2,3.6,11.1,17.7,726
101.210060017148,116,68.8,3.3,13.3,15.1,558
101.854244069734,162,58.3,2,15.1,8.8,427
101.04201200343,104,56.2,2,15.6,9.7,317
101.392112032009,129,59.6,2.9,15.4,14.4,436
101.630180051443,146,63.7,2.7,14.6,14.7,490
101.826236067448,160,66.8,3.4,13.7,17.4,602
101.952272077736,169,72.5,4.5,12.3,22.3,732
101.92426407545,167,77.2,6.1,10.8,30.3,865
101.910260074307,166,80.4,6.8,10.2,33.3,936
102.120320091455,181,79.3,8.4,10.1,36,1074
101.602172049157,144,76.1,5.3,10,23.9,812
101.560160045727,141,82.3,4.5,8.6,19,773
101.30808802515,123,84.3,4.1,7.7,16.8,761
101.280080022864,121,84.1,4,7.1,17.5,781
101.182052014861,114,83.2,4,6.7,17.4,743
92.5434782608696,93,83,3,6,11.3,533
88.2826086956522,89,85.4,2.2,4.3,9.4,456
93.6086956521739,94,85.7,2.2,4,9.4,486
92.5434782608696,93,84.4,2,4,9.1,498
100,100,83.1,2.2,4,10.7,585
101.364104029723,127,81.3,4,4.4,21.3,911
101.504144041155,137,72.6,4.8,6.7,22.9,845
102.246356101743,190,63.4,4.6,10,20.1,807
101.980280080023,171,48.7,2.8,13.6,11.8,603
101.364104029723,127,46.5,2.1,14.6,10.6,391
101.112032009145,109,43,2,15.4,11.4,279
101.35010002858,126,38.2,2.5,16.4,12.8,358
101.490140040011,136,37.6,2.5,16.8,13.4,403
101.770220062875,156,36.7,2.8,16.8,14.2,465
102.204344098314,187,41.3,4,15.4,21.8,707
102.008288082309,173,48.9,4.5,13.8,21.4,660
101.504144041155,137,50.9,3.1,13.3,15.4,402
101.294084024007,122,57.3,2.6,11.5,14.5,350
101.392112032009,129,59.8,2.6,10.7,11.4,355
101.126036010289,110,61.8,2,10,7.8,296
101.014004001143,102,62.1,1.8,9.9,7.6,266
101.182052014861,114,64.5,2.5,9.3,9.5,373
101.224064018291,117,65.7,2.3,9.1,9.7,417
97.8695652173913,98,71.8,2.1,8.9,8.1,308
75.5,77,77.3,1.2,9,4.8,196
73.3695652173913,75,77.3,1,9.1,4.6,203
94.6739130434783,95,76.9,1.7,9.3,8.4,393
101.504144041155,137,75,4.3,10,23.1,864
101.672192054873,149,72.7,5.8,10.6,26.6,960
102.344384109746,197,64.8,5.6,12.4,26.1,1056
102.148328093741,183,59.9,4,13.7,16.4,856
102.092312089168,179,57,4,14.9,18.9,854
102.330380108602,196,56.2,4.9,15.5,22.7,854
102.498428122321,208,56.3,5.6,15.8,27.2,949
102.428408116605,203,57.9,5.1,15.8,24.1,932
102.568448128037,213,58.9,6.2,15.7,29.1,1071
102.8485281509,233,61.2,7.7,15.5,36,1134
103.15661617605,255,62.8,10.1,15.5,45.2,1389
101.96627607888,170,64.9,6.4,15.6,30.7,866
101.92426407545,167,67,7.7,15.1,37.7,947
102.456416118891,205,67.7,8.1,14.6,31.6,1155
101.96627607888,170,67.8,4.7,13.8,19.9,798
101.742212060589,154,69,4.3,13.4,18.6,696
101.588168048014,143,73.7,4.1,13,16.9,654
101.546156044584,140,77.5,4.2,12.7,18,685
101.294084024007,122,78.4,3.8,12.4,14.9,574
101.028008002286,103,80.7,2.4,11.9,9.1,319
96.804347826087,97,75.8,2,13.2,7.3,263
98.9347826086957,99,81.9,1.7,12.3,7.6,320
101.126036010289,110,80.8,2.1,12.8,9.2,439
101.126036010289,110,76.3,2.5,13.7,11.1,398
101.280080022864,121,78.8,3.8,13.4,16.3,637
101.294084024007,122,77.8,3.9,13.8,17.8,699
101.490140040011,136,73.2,4.2,15.1,16.7,699
101.96627607888,170,70.5,4,15.8,17.6,707
101.770220062875,156,73.3,4.4,15.4,19.4,743
101.798228065161,158,71.4,4.7,15.6,20.1,745
102.022292083452,174,68.7,4.6,16.3,19.4,741
102.204344098314,187,68.2,4.8,16.4,20.5,765
101.644184052586,147,70.2,4.5,15.6,18.7,632
101.490140040011,136,75.8,5.6,14.2,24.5,808
101.462132037725,134,74.6,4.9,14,21.3,703
101.35010002858,126,75.8,5.3,13.3,23.5,764
101.406116033152,130,72.5,4.6,13.7,15.5,667
97.8695652173913,98,73.8,2.4,12.8,9.9,355
88.2826086956522,89,78.3,2.7,11.2,10.1,359
87.2173913043478,88,79.4,2.5,10.6,10.3,327
85.0869565217391,86,77.5,2.3,10.8,7.6,289
68.0434782608696,70,77.6,1.3,10.3,4.2,138
52.0652173913044,55,74.9,1,10.3,3.1,86
42.4528301886792,45,69,0.9,11.2,1.6,60
41.5094339622642,44,77.1,0.7,8.9,1.7,62
47.1698113207547,50,73.3,0.8,9.5,1.5,73
72.304347826087,74,77.2,1,8.6,2.6,157
79.7608695652174,81,76.6,1.1,8.6,2.8,166
62.7173913043478,65,72,0.8,9.7,1.9,98
74.4347826086957,76,68.2,1.4,11.1,5.2,153
101.126036010289,110,65,2.2,11.8,6.5,307
101.322092026293,124,64.8,2.7,12.1,9.4,416
101.26607602172,120,63.2,2.3,12.6,8.2,346
98.9347826086957,99,61.9,1.9,13.4,6.9,252
101.224064018291,117,63.3,2.7,13.3,8.6,326
101.434124035439,132,70.9,3.2,11.2,8.6,490
101.168048013718,113,76.5,3.2,9.6,10.1,452
101.224064018291,117,76.3,3.5,9.9,12.6,542
101.364104029723,127,74.6,4.5,10.4,16.5,605
101.434124035439,132,75.1,4.1,10.3,13,577
101.280080022864,121,75.4,3.3,10.4,12.1,491
101.294084024007,122,75.4,3.1,10.5,11.4,492
101.168048013718,113,78.4,3,10.2,10.3,412
98.9347826086957,99,80.5,2.3,9.9,8,283
85.0869565217391,86,81.4,2.3,9.8,8.1,280
63.7826086956522,66,83,1.5,8.9,4.2,156
64.8478260869565,67,83.7,1.3,8.8,4.9,166
76.5652173913043,78,84.2,1.4,8.7,5.7,225
89.3478260869565,90,83.7,2,8.7,9.8,325
101.26607602172,120,80.8,4.2,9.6,20.6,760
101.532152043441,139,75.3,5.9,11.3,29.5,948
101.994284081166,172,68.5,6.3,13.8,28.3,1044
102.834524149757,232,64.9,6.6,14.9,30.5,1172
101.938268076593,168,63.2,5,15.3,23,1000
101.26607602172,120,49.1,2.5,18.6,11.1,366
101.280080022864,121,49.3,2.6,18.6,12.8,346
101.224064018291,117,49.9,1.9,18.4,10.8,289
101.280080022864,121,51.4,2.3,17.9,11.4,316
101.084024006859,107,51.9,1.9,18,8.1,238
101.196056016005,115,57.3,2.3,16.7,10,267
93.6086956521739,94,57,1.8,17.3,7.3,182
97.8695652173913,98,58.7,1.9,16.8,7.3,197
86.1521739130435,87,59.2,1.4,16.5,4.6,149
76.5652173913043,78,59.7,1.2,16.3,4,124
66.9782608695652,69,61.6,1,16,3.9,105
64.8478260869565,67,66.6,1.2,15.6,3.6,109
79.7608695652174,81,80.4,1.4,13.8,5.1,169
73.3695652173913,75,84.4,1.2,13.2,4.5,124
39.622641509434,42,81.3,0.6,13.8,1.2,50
35.8490566037736,38,75.5,0.6,13.6,1.4,47
61.6521739130435,64,81.4,0.7,11.5,1.9,110
85.0869565217391,86,80.7,1.1,11.8,3.6,193
101.364104029723,127,78.9,2.5,12.3,11,475
101.294084024007,122,76,3.6,13,17.5,420
101.560160045727,141,70.9,3.6,13.7,15.9,439
101.532152043441,139,70.9,3.3,14,13.4,461
101.056016004573,105,65.9,2,14.6,8.8,238
101.028008002286,103,59.9,1.9,14.9,9.4,232
101.098028008002,108,58.4,2.2,14.9,9.7,241
101.112032009145,109,54.3,2.2,15.3,10.1,278
101.672192054873,149,56.6,3.8,14.6,20.2,496
101.588168048014,143,62,3.5,12.6,14.2,464
101.812232066305,159,62.3,5.2,11.9,22.8,600
102.078308088025,178,64.3,6.3,11.6,28,692
101.938268076593,168,68,6.8,11.5,30.3,731
101.826236067448,160,73.9,4.1,10.7,12.4,491
101.224064018291,117,83,2.3,9.6,8,284
101.168048013718,113,79.9,1.9,9.6,6.5,245
101.168048013718,113,79.4,2.2,9.8,7.5,273
93.6086956521739,94,75.3,1.3,10.1,3.8,157
74.4347826086957,76,80,1.2,9.1,3.8,117
60.5869565217391,63,80.4,0.6,8.3,2.5,100
72.304347826087,74,79.2,0.9,8.9,3.3,135
95.7391304347826,96,80.8,1.4,8.7,7,301
101.280080022864,121,79.8,3.4,9,18.1,641
101.6161760503,145,78.3,5,9.5,24.6,849
101.798228065161,158,76,4.7,10.4,19.7,861
101.588168048014,143,74.4,3.2,11,13,629
102.134324092598,182,63.6,3.5,13.8,17.1,737
101.868248070877,163,65.6,4,13.6,19.3,712
102.078308088025,178,66.5,5.7,13.7,28.4,933
101.854244069734,162,73,5,13,22.9,836
101.980280080023,171,77.1,5.6,12.7,25.7,987
102.022292083452,174,79.7,6.2,12.3,26.8,985
102.176336096027,185,78.8,7.5,12.3,29.2,1040
101.35010002858,126,72.6,3,12.5,11.9,401
101.168048013718,113,76.1,2.6,11.8,10.1,279
101.140040011432,111,79.9,2.1,11.3,7.2,280
101.084024006859,107,84.3,1.8,11.1,7.1,280
101.084024006859,107,83.1,2,11.3,7.5,327
101.014004001143,102,81,2.2,11.6,8.1,316
95.7391304347826,96,77.8,1.9,11.7,5.5,223
85.0869565217391,86,78.6,1.6,11.7,5.7,180
68.0434782608696,70,77.4,0.9,12,2.9,131
56.3260869565217,59,78,0.7,12,2.4,101
72.304347826087,74,75.3,0.9,12.4,4,189
88.2826086956522,89,76.4,1.4,12.5,7.2,336
101.420120034296,131,73.8,4.2,12.9,21.6,804
101.532152043441,139,70.7,5,13.3,27.9,860
101.6161760503,145,66.1,4.4,14.3,19.2,745
101.504144041155,137,63.9,3.4,15.4,16.4,685
101.378108030866,128,62.7,2.8,15.9,14.8,639
101.378108030866,128,61.9,3.4,16.4,16.8,668
101.30808802515,123,58,2.9,18,16.9,469
101.490140040011,136,57.9,3.9,19.2,19,605
101.504144041155,137,62.1,4,18.1,19.8,641
101.700200057159,151,67.3,4.9,16.7,24.8,774
101.980280080023,171,70.7,7.7,15.8,37.6,1001
101.980280080023,171,73,9.4,15.4,43.9,1184
101.840240068591,161,73,7.8,15.4,36.6,1020
101.742212060589,154,73.6,6.6,15.3,30.8,964
101.364104029723,127,74.3,4.7,15.1,22,741
101.196056016005,115,78,4.8,14.2,20.9,757
101.014004001143,102,81.4,3.2,14.1,13.1,564
100,100,82.7,2.6,14.4,9.3,434
85.0869565217391,86,84.1,2.1,14.1,9.4,308
78.695652173913,80,84.1,1.1,14,3.8,133
72.304347826087,74,85.1,0.7,13.9,2.5,103
80.8260869565217,82,85.5,0.9,13.8,4,178
95.7391304347826,96,85.3,1.5,13.8,7,289
101.322092026293,124,84.5,3.8,13.7,21.1,736
101.574164046871,142,83.9,6,13.9,29,928
101.742212060589,154,81.6,5.1,14.6,23,897
101.602172049157,144,74.7,3.6,15.8,13,596
101.602172049157,144,72.1,3,16.4,14.9,481
101.532152043441,139,70.3,3.1,16.8,15.7,495
101.518148042298,138,66.3,3.3,17.9,18.1,460
101.462132037725,134,62.7,3.4,18.8,15.5,445
101.686196056016,150,61.6,4.6,19,23.8,618
102.008288082309,173,68.3,6.9,17.7,32.6,858
101.462132037725,134,71.7,5.1,16.5,24,634
101.378108030866,128,72.7,4.9,15.7,23.6,575
101.434124035439,132,74.4,6.1,15,30.7,738
101.462132037725,134,75.2,6.2,14.6,20.9,739
101.084024006859,107,75.7,3,14,12.7,472
101,101,78.7,3.4,13.1,14,542
93.6086956521739,94,78.4,3.5,12.6,13.7,577
98.9347826086957,99,77.9,3.2,12.8,12.8,568
89.3478260869565,90,79.4,2.9,12.1,11,451
69.1086956521739,71,81.1,1.7,11.4,6.8,277
63.7826086956522,66,81.7,1.7,11.5,7.4,291
68.0434782608696,70,77.1,1.3,12.4,6.2,277
89.3478260869565,90,79,2.8,12.3,13.7,510
101.014004001143,102,83.9,2.5,12.2,9.6,451
101.014004001143,102,85.1,2.7,12.2,10.4,584
93.6086956521739,94,80.1,1.5,12.4,6.5,260
101.294084024007,122,77.8,2.6,13,10.6,492
101.322092026293,124,86.5,3.1,11.8,11.9,580
101.028008002286,103,85.7,2.5,11.9,8.4,373
101.196056016005,115,88.7,2.6,11.9,9.6,497
101.084024006859,107,87,2.5,12.3,7.1,413
101.26607602172,120,84.4,2.3,12.7,8.3,444
101.26607602172,120,81.7,3.1,13.1,10.9,533
101.098028008002,108,80.4,1.9,13.1,6.9,325
101.196056016005,115,79.9,2.5,13.4,10.6,439
101.322092026293,124,76.8,3.1,13.8,9.4,506
101.112032009145,109,75.9,2,14,6.9,349
92.5434782608696,93,78.3,1.9,13.5,5.6,235
101.028008002286,103,79.2,2.4,13,6.3,378
101.070020005716,106,77.5,2,12.4,6.5,304
95.7391304347826,96,71.2,1.2,12.3,3.4,180
79.7608695652174,81,67.5,1,12.3,2.8,148
68.0434782608696,70,65.6,0.8,12.7,2,106
57.3913043478261,60,65.9,0.6,12.5,1.5,87
60.5869565217391,63,65.4,0.7,12.4,1.4,96
65.9130434782609,68,62.5,0.8,13.2,1.9,120
65.9130434782609,68,62.4,0.9,13.1,2.4,130
63.7826086956522,66,64.7,1,12.9,3.1,140
70.1739130434783,72,67.6,1.3,13,4.4,176
79.7608695652174,81,69.7,1.7,13,5.6,209
88.2826086956522,89,80,2.4,12,6.7,309
84.0217391304348,85,83.7,1.7,11.4,5.5,226
85.0869565217391,86,80.8,1.8,12,7.7,246
81.8913043478261,83,81,1.5,11.5,3.7,208
75.5,77,81,1.1,11.3,2.8,154
92.5434782608696,93,78.4,2.4,12,8.9,275
101.028008002286,103,75.5,2,12.1,4.6,281
89.3478260869565,90,71.9,1.5,12.5,4.4,237
92.5434782608696,93,70.5,1.7,12.6,4.4,225
70.1739130434783,72,69.1,1,12.5,2.8,143
71.2391304347826,73,64.3,1,13.1,3.3,146
61.6521739130435,64,62.9,1,13.2,2.3,115
63.7826086956522,66,63.6,0.9,13.3,3.2,125
69.1086956521739,71,65.3,1.1,13.3,3.1,150
51,54,79.6,0.6,11.9,1.7,78
55.2608695652174,58,81.4,0.7,11.8,2.3,108
70.1739130434783,72,80.1,0.9,12,3.8,181
88.2826086956522,89,78.8,1.3,12.2,6.1,302
101.154044012575,112,77.2,3.1,12.7,15.8,587
101.420120034296,131,74.4,4.9,13.4,26.4,712
101.840240068591,161,63.4,4.7,15.9,18.5,698
101.476136038868,135,52.9,3.2,18.5,13.2,576
101.252072020577,119,52.6,2.5,18.4,12,438
101.602172049157,144,49.8,3.8,19.4,19.9,562
101.406116033152,130,50.1,3.3,19.5,16.4,467
101.112032009145,109,47.5,2.5,20.3,13.8,323
101.182052014861,114,53,2.7,18.7,15.6,391
101.196056016005,115,57.1,2.9,17.3,15.7,379
101.30808802515,123,59.5,3.1,16.4,18,387
101.518148042298,138,60.8,4,15.9,17.9,433
101.30808802515,123,60.7,3.1,15.5,14.3,349
101.154044012575,112,63.1,2.7,15.3,12.8,337
86.1521739130435,87,58.5,1.7,16.6,7.3,245
77.6304347826087,79,64.7,1.5,14.6,5.8,236
72.304347826087,74,66.1,1.4,14,5.1,191
73.3695652173913,75,69.4,1.4,13,5.5,273
68.0434782608696,70,67.4,1.1,13.1,3.5,211
60.5869565217391,63,68.3,0.6,12.4,2.3,126
64.8478260869565,67,60.6,0.8,14.1,2.8,146
69.1086956521739,71,64.2,1,12.9,4.3,243
97.8695652173913,98,68.9,2.8,11.7,12.6,450
101.182052014861,114,65.8,3.4,12.5,16.8,499
101.406116033152,130,61.1,3.3,14.5,17.3,574
101.756216061732,155,54.2,4.1,16.9,19.8,679
101.560160045727,141,53.3,3.5,17.4,21.6,572
101.238068019434,118,49.3,3,18.8,18,396
101.462132037725,134,47.1,3.6,19.4,16,455
101.30808802515,123,47.1,3,19.2,13.7,423
101.224064018291,117,51.5,2.6,17.7,14.1,356
101.126036010289,110,54.6,2.6,16.5,13.9,350
101.196056016005,115,57.9,3.1,15.4,14.3,359
101.210060017148,116,58.4,3.2,15.2,13.3,358
98.9347826086957,99,58.4,2.4,14.9,11.6,289
101.196056016005,115,60.4,2.6,14.5,11.3,359
101.04201200343,104,62.3,2.4,14.5,11,355
91.4782608695652,92,60.6,1.8,14.6,7.7,244
82.9565217391304,84,59.3,1.7,15,7,194
79.7608695652174,81,60.3,1.9,14.7,7,176
75.5,77,59.1,1.4,15.3,4.4,170
73.3695652173913,75,72.5,1.7,11.6,7.9,212
66.9782608695652,69,71.9,1,12,3.1,146
64.8478260869565,67,71.8,0.9,11.8,3.2,177
65.9130434782609,68,71.4,1,11.8,4,172
65.9130434782609,68,66.3,1,12.8,3.2,159
66.9782608695652,69,65.2,1.1,13.2,4,184
79.7608695652174,81,66.2,1.7,13.1,7.6,310
94.6739130434783,95,63.3,2.3,14.3,9.8,363
91.4782608695652,92,58.1,2.1,16,9.5,302
101.168048013718,113,53.9,2.7,17.3,11.2,424
97.8695652173913,98,53.3,2.3,17.3,6.9,258
80.8260869565217,82,54.7,1.2,16.7,4.6,179
95.7391304347826,96,58.9,1.4,15.4,5.5,221
101.084024006859,107,58,1.9,15.2,6.5,303
101.252072020577,119,54.5,2.6,16.2,10.3,429
101.182052014861,114,55.3,2.4,16.5,8.9,357
101.364104029723,127,72.1,3.5,14.6,14,438
101.280080022864,121,76.7,3.5,13.9,9.2,457
101.112032009145,109,79.3,2.2,13.7,8.2,355
101.084024006859,107,77.3,2.3,13.8,7.2,348
100,100,71.7,1.9,14.2,5.5,241
81.8913043478261,83,65.7,1,14.9,2.9,134
63.7826086956522,66,67.3,0.8,14.7,2,94
28.3018867924528,30,65.5,0.4,14.8,0.7,33
27.3584905660377,29,68.5,0.4,14.4,0.7,33
38.6792452830189,41,62.9,0.4,14.5,0.8,57
60.5869565217391,63,56.7,0.6,14.6,1.3,112
101.182052014861,114,55.3,1.9,15,7.6,358
101.182052014861,114,56.5,2,14.5,7.4,287
101.014004001143,102,55.4,1.4,14.3,4.7,263
101,101,52.5,1.4,14.7,5.4,282
101.028008002286,103,51.7,1.5,15.5,5.4,286
100,100,53.4,1.6,14.9,6,259
94.6739130434783,95,51,1.8,15.2,7.1,265
98.9347826086957,99,50.1,1.4,15.2,5.3,249
101.014004001143,102,46.6,1.7,15.6,7.2,268
101.056016004573,105,48.4,1.7,14.8,5.7,226
101.238068019434,118,48,2.3,14.6,9.5,301
101.476136038868,135,45.4,3.2,15.1,12.2,388
101.322092026293,124,45.4,2.6,14.5,10.3,285
100,100,48.1,1.6,13.4,4.5,197
63.7826086956522,66,48.7,0.8,12.3,2,105
54.195652173913,57,51.2,0.7,12,1.8,88
55.2608695652174,58,54.6,0.6,11.9,1.9,92
56.3260869565217,59,45,0.7,13.7,2.7,88
57.3913043478261,60,37.5,0.7,14.7,2.7,90
25.4716981132075,27,37.3,0.3,12,0.5,31
36.7924528301887,39,38.1,0.4,11.7,0.8,51
60.5869565217391,63,38,0.5,11.5,1.4,100
101.126036010289,110,35.8,1.4,12.3,5.6,315
101.378108030866,128,34.5,2.4,12.9,10.6,417
101.294084024007,122,30.2,1.8,14.4,7.2,328
101.140040011432,111,26.2,1.5,16.2,6.2,304
101.126036010289,110,23.5,1.5,17.1,6.2,300
101.182052014861,114,21.3,1.8,18.1,8.1,306
101.182052014861,114,20,2.1,18.8,9,342
101.140040011432,111,20.8,1.7,18.1,8.4,324
101.210060017148,116,19.9,2.3,17.6,8.7,327
101.65818805373,148,20.8,2.9,16,11.8,404
102.064304086882,177,23.7,4,14.6,16.5,575
101.882252072021,164,22.9,4.2,13.7,18.7,539
101.700200057159,151,21.7,3.5,12.8,14.5,460
101.644184052586,147,21.3,2.6,12.7,8,386
101.126036010289,110,22.5,1.3,12.8,4.6,202
98.9347826086957,99,23.4,1,12.6,3.4,162
101.210060017148,116,24,1.6,12.4,4.8,261
101.280080022864,121,24,1.6,12.5,4.4,263
101.028008002286,103,32.4,1.1,11.9,3.8,159
81.8913043478261,83,34.2,0.8,11.5,2.7,111
74.4347826086957,76,37.8,0.8,10.5,2.4,104
101.084024006859,107,47.4,1,7.8,4.3,221
101.070020005716,106,43.1,1.2,9.3,5.2,243
101.322092026293,124,46.8,1.7,8.2,8.4,356
101.462132037725,134,34.2,2.4,10.7,14.1,429
101.644184052586,147,28.2,2.8,14.4,13,518
101.630180051443,146,23.3,2.9,17.4,13.5,460
101.448128036582,133,23.6,2.6,17.8,12.5,389
101.26607602172,120,19.5,2.3,18.3,8.8,362
101.224064018291,117,18.9,2.3,18.9,9,337
101.112032009145,109,19.7,1.7,18.4,6.1,254
101.154044012575,112,21,1.8,17.8,7.8,281
101.420120034296,131,23.4,2.5,16.1,11.5,369
101.448128036582,133,24.9,2.4,14.9,10.7,350
101.518148042298,138,24.6,2,14.6,9.2,323
101.574164046871,142,26.8,2.3,14.2,10.9,340
101.518148042298,138,38.7,2.9,13.3,11.6,443
101.238068019434,118,45.1,2,11.2,9,292
101.26607602172,120,52.5,2.5,8.8,11.6,372
101.434124035439,132,54.3,3,8.6,11.7,443
101.280080022864,121,53.2,2.4,8.1,11.3,360
101.224064018291,117,57.8,2.6,6.8,10.4,401
101.014004001143,102,64.1,2.1,5.4,9.8,273
94.6739130434783,95,61.6,1.7,5.6,5.8,199
79.7608695652174,81,69,1.5,4.2,7,177
94.6739130434783,95,64.6,1.3,4.8,4,206
101.140040011432,111,69,1.9,4,6.9,323
101.238068019434,118,66.3,2,4.9,7.7,392
101.406116033152,130,48.7,2.7,9.4,9.9,420
101.210060017148,116,39.9,2.4,12.6,8.9,333
101.378108030866,128,35.3,2.7,14.4,11.3,395
101.770220062875,156,37.4,3.2,15.1,13.7,478
101.952272077736,169,35.8,3.4,16,12.7,470
101.938268076593,168,30.8,3.2,17.5,14.5,508
102.078308088025,178,34.2,4.3,17.2,18.4,596
102.078308088025,178,45.8,5,14.3,22,694
102.218348099457,188,53.9,6.3,12.2,25.4,968
101.952272077736,169,51.2,4.6,11.6,16.4,658
101.448128036582,133,50.1,3.1,11.3,12.4,409
101.336096027436,125,51.2,2.6,10.6,9.6,345
101.126036010289,110,51.7,2.1,9.6,7.1,230
101.154044012575,112,55.2,2.1,8.7,7.2,285
101.154044012575,112,60.2,2.5,7.9,9.3,310
101.014004001143,102,59.2,2,7.9,5.9,224
89.3478260869565,90,64.6,1.8,6.7,5.9,213
61.6521739130435,64,63.3,0.7,6.4,1.8,91
79.7608695652174,81,64.4,0.9,6.4,3.1,178
101.070020005716,106,68.9,1.5,5.6,6.8,351
101.546156044584,140,65.6,3.4,6.4,16.4,587
101.518148042298,138,61.4,3.4,7.3,16.7,475
101.896256073164,165,53.7,3.2,9.6,17.3,576
102.58245212918,214,45.9,4.8,12,22.4,920
102.078308088025,178,44.4,3.5,12.7,17.9,710
102.204344098314,187,42.8,4.1,13.9,22.4,696
102.428408116605,203,41.4,4.8,15,23.3,744
102.442412117748,204,38.7,4.4,16,28,743
102.358388110889,198,38.6,4.5,16,30.1,801
102.638468133752,218,44.9,5.9,14.1,33.4,1014
103.352672192055,269,55.9,9.9,12.6,50.8,1479
102.624464132609,217,60.8,6.9,11.7,35.6,1018
102.148328093741,183,60.9,4.3,11.5,21.5,729
101.644184052586,147,64.1,2.9,10.6,15.5,508
101.26607602172,120,66.2,2,10.1,10.9,347
101.154044012575,112,70.1,1.7,9,8.7,327
101.084024006859,107,70.5,1.9,8.6,7.4,339
101.028008002286,103,74.3,2,7.6,9.9,358
96.804347826087,97,76.1,1.9,6.9,8.2,377
72.304347826087,74,75.4,0.8,6.8,3.2,165
65.9130434782609,68,75.3,0.7,6.6,3,145
91.4782608695652,92,77.3,1.1,6,5.4,282
101.140040011432,111,76.7,1.7,6,8.7,494
101.448128036582,133,73.7,3.1,6.9,15.4,606
101.532152043441,139,70.6,4.4,7.6,27.2,581
102.27436410403,192,64.2,5.6,9.3,30.7,920
102.27436410403,192,55.7,4.4,11.7,24.3,811
102.470420120034,206,54.1,4.4,12.9,21.7,786
102.134324092598,182,53,4.7,14,25.8,677
102.27436410403,192,50.2,4.2,15.1,21.8,612
102.218348099457,188,47.3,3.3,16.7,20.6,524
102.190340097171,186,48.4,5.1,16.8,27.2,775
101.406116033152,130,68,3.3,13.3,16.4,403
101.504144041155,137,72.8,3.1,13.2,13.4,412
101.336096027436,125,76.5,2.4,12.6,8.2,322
101.070020005716,106,74.3,1.4,12.6,5.7,200
101.280080022864,121,72.1,2.1,12.9,7,244
101,101,70.5,1.4,13.1,5.6,199
100,100,73.8,1.4,12.4,5.1,190
85.0869565217391,86,76.3,1,11.8,4.2,153
89.3478260869565,90,80,1.3,10.8,6.1,215
88.2826086956522,89,77.3,1,10.4,5.2,206
95.7391304347826,96,76.2,1.1,10,5.4,225
101.336096027436,125,67.7,2.1,9.4,11,416
101.588168048014,143,71.2,3.2,9.3,16.1,613
101.728208059446,153,54,3.3,12.6,15.7,567
101.546156044584,140,28.5,2.3,16.1,8.8,409
91.4782608695652,92,19.9,1,16.6,3.9,183
76.5652173913043,78,18.2,0.8,15.9,3.8,140
65.9130434782609,68,18.4,0.8,14.3,3.3,133
61.6521739130435,64,16.3,0.6,15,2.4,115
78.695652173913,80,17.1,0.9,14.9,3.6,157
79.7608695652174,81,18.8,0.8,13.2,3.5,149
101.014004001143,102,19.6,1.2,12.4,4.6,219
101.434124035439,132,21.3,2.1,11.9,9.9,424
101.854244069734,162,24.8,3.9,11.1,19,659
102.092312089168,179,29.7,4.4,10.1,17.2,727
101.65818805373,148,23.8,2,10.2,8.4,398
101.630180051443,146,27.4,2.3,9.4,11.4,414
101.882252072021,164,39,3.6,7.9,15.6,600
101.854244069734,162,40.6,3.9,7.6,13,596
101.238068019434,118,43.7,1.6,6.4,6.2,225
77.6304347826087,79,53.5,1,3.3,3,126
59.5217391304348,62,49.9,0.8,4.8,2.4,83
84.0217391304348,85,60.1,0.7,2.2,3.1,156
101.126036010289,110,59.3,1,2.5,3.8,240
98.9347826086957,99,55.7,1,3.2,3.2,186
101,101,48.8,1.5,5,6.2,224
101.392112032009,129,49.8,2.5,5.8,9.6,386
101.434124035439,132,47.6,2.6,6,9.6,397
101.65818805373,148,44.6,3.2,7.4,12.5,477
101.462132037725,134,73.1,3,5.2,12.5,405
101.65818805373,148,81.4,3.4,4.8,14,453
101.630180051443,146,82.3,3.3,4.7,11.6,459
101.65818805373,148,82.8,3.6,4.7,13,452
102.036296084596,175,83.4,5.5,4.7,17.3,579
101.96627607888,170,83.1,4.5,5.2,14.6,542
102.008288082309,173,84.1,4.7,5.5,16.2,601
101.700200057159,151,84.5,4.3,5.8,13.8,521
101.392112032009,129,84.1,3.2,6.2,10.6,411
101.35010002858,126,83.3,2.9,6.6,9.1,382
101.364104029723,127,82.8,3.1,6.8,9.7,421
101.238068019434,118,78.4,2.8,8.2,7,362
81.8913043478261,83,70.9,1.2,9.7,2.8,104
57.3913043478261,60,65.9,0.8,9.3,1.4,69
34.9056603773585,37,62.9,0.6,8.8,0.8,41
36.7924528301887,39,58.8,0.6,8.6,0.7,46
68.0434782608696,70,55.9,1,9.2,2.6,118
101.098028008002,108,57.7,3.2,8.4,5.3,295
101.252072020577,119,60.4,3.6,8.5,7.1,311
101.140040011432,111,57.4,2.9,8.9,5,269
101.070020005716,106,55.8,2.4,9.2,3.8,225
101.056016004573,105,53.9,2.5,9.6,4.5,220
101.182052014861,114,52.4,2.6,9.6,4.7,216
92.5434782608696,93,49.8,2.3,9.7,3.9,162
88.2826086956522,89,44.9,2.2,9.4,3.8,152
101.014004001143,102,41.9,2.3,9.8,5.2,183
101.392112032009,129,44.9,2.9,8.9,6.8,254
101.700200057159,151,45.4,4.1,8.4,11.9,355
101.700200057159,151,41,4.1,8,10.8,341
101.672192054873,149,37.1,4,7.9,11.5,341
101.672192054873,149,33.9,3.7,7.8,7.6,342
101.182052014861,114,32.4,1.7,7.3,3.1,186
101.04201200343,104,34.6,1.1,7.4,3.6,170
101.04201200343,104,33.7,1.1,7.1,3.6,169
101.364104029723,127,35.8,1.5,6.4,4.3,246
50,53,37.7,0.5,5.6,0.7,63
36.7924528301887,39,38.8,0.2,5.3,0.5,44
38.6792452830189,41,41.4,0.3,4.7,0.7,54
96.804347826087,97,43.9,0.6,4.3,2.2,176
101.26607602172,120,40.6,0.7,4.9,2.6,236
101.92426407545,167,40.8,2.6,5.1,13.4,613
102.358388110889,198,38.1,5.5,6.5,23.5,755
101.784224064018,157,36.5,2.6,7.4,9.4,460
101.336096027436,125,36.4,1.5,7.9,6.3,280
101.476136038868,135,36.8,1.7,7.8,6.7,322
101.518148042298,138,33.7,2.2,8.7,9.7,349
101.434124035439,132,34.3,2.1,8.5,7.8,297
101.574164046871,142,34.5,2.2,8.9,7.7,353
101.504144041155,137,35.7,2.3,8.8,8.6,316
101.6161760503,145,38.6,2.5,7.9,10.7,348
101.910260074307,166,40.1,3.1,7.6,16.7,445
101.896256073164,165,40.3,3.6,6.9,15.5,457
102.036296084596,175,41.7,3.9,6.5,18.3,516
102.176336096027,185,42.6,4,6.3,13.8,575
101.910260074307,166,44.7,2.3,5.9,9.3,449
101.546156044584,140,43.4,1.5,5.8,5.8,289
101.448128036582,133,42.5,1.5,5.8,6.6,268
101.602172049157,144,42,2.2,5.6,7.6,343
101.35010002858,126,42.3,1.3,5.3,5,222
68.0434782608696,70,45.9,0.5,5.2,1.5,89
72.304347826087,74,49,0.5,4.7,1.7,103
101.322092026293,124,51.8,0.9,4.5,3.8,254
101.714204058302,152,53,2,4.5,8.8,481
102.022292083452,174,53.1,3.2,4.8,12.5,638
101.840240068591,161,42,2.3,7.8,8.7,492
101.26607602172,120,37.6,1.8,9.3,7.5,413
101.140040011432,111,34.2,2.1,10,8.2,364
101.378108030866,128,32.6,1.9,10.3,8.5,299
101.448128036582,133,31.8,2.4,9.8,8.1,342
101.280080022864,121,30.3,2.1,9.8,6.7,309
101.644184052586,147,29.6,2.8,9.6,9,367
101.490140040011,136,32.5,3.3,8.1,11.3,357
101.728208059446,153,36.1,2.9,6.8,9.9,345
102.078308088025,178,36.5,3.9,6.4,13.6,483
102.022292083452,174,37.8,4.1,5.9,15.4,480
101.910260074307,166,40.7,3.3,5.1,11.4,427
101.952272077736,169,45.1,3.3,4.8,11.2,504
101.434124035439,132,43.9,1.9,4.5,5.7,248
101.364104029723,127,44.1,2,5.2,5.4,241
101.168048013718,113,46.4,1.9,4.3,5.5,210
101.378108030866,128,52.5,2.1,3,5.2,292
84.0217391304348,85,61.4,1.3,1.5,3.1,129
75.5,77,50.4,1.1,4,1.6,106
76.5652173913043,78,55.2,1.2,2.8,2.5,125
101.196056016005,115,61.4,1.8,1.2,5.3,267
101.952272077736,169,61.3,3.6,1.4,13.4,543
102.022292083452,174,58.1,3.7,2.2,15,496
101.980280080023,171,49.4,3.4,4.3,12.8,491
102.092312089168,179,42.5,4,6.6,15.9,667
102.288368105173,193,38.3,3.8,8,15.9,693
102.526436124607,210,36.1,4.1,9.1,16.3,707
102.722492140612,224,34.7,4.9,10,18.6,777
102.036296084596,175,33,3.3,11,12.8,512
102.064304086882,177,33.6,4.3,11.3,17.9,587
102.498428122321,208,41.3,6.6,9.4,29,864
103.044584166905,247,45.9,8.5,8,33.1,1089
102.974564161189,242,50.3,8.7,7.1,36.1,1070
103.114604172621,252,56.9,9.1,6.2,36.3,1220
102.778508145184,228,57.9,7.2,6.3,26.3,1076
102.330380108602,196,56.8,5,6.2,20.6,825
102.246356101743,190,54.7,4.2,6.1,17,740
102.204344098314,187,55.6,4.6,6,17.2,759
102.022292083452,174,59,3.9,5.1,14.6,610
101.798228065161,158,58.4,3.4,5.1,12.1,465
101.434124035439,132,63.1,2.4,4.2,8.7,288
101.280080022864,121,64.1,2.5,4.3,8.8,251
101.490140040011,136,61.9,3.5,4.8,8.2,351
101.518148042298,138,61.1,3.9,5.3,9.5,379
101.672192054873,149,61.3,4.8,5.7,14.6,539
101.896256073164,165,60.5,6.1,6.1,20.4,706
101.96627607888,170,59.7,6.6,6.7,18.8,750
101.896256073164,165,58.6,6.5,7.2,18.8,747
101.92426407545,167,55.9,6,8,18.5,670
102.344384109746,197,52.4,6.9,9.8,24.8,772
102.624464132609,217,51.1,7.9,10.5,22.9,792
102.442412117748,204,52.4,6.1,10.8,16.9,626
102.288368105173,193,55.3,6.7,10.6,22.2,678
102.27436410403,192,57,6.8,10.4,21.5,706
102.036296084596,175,58.3,6.7,10.2,21.5,668
101.952272077736,169,66.1,5.9,9.4,15.6,567
101.882252072021,164,65.9,5.6,9.6,14.2,527
101.742212060589,154,66.2,5.5,9.5,13.5,503
101.252072020577,119,69.8,2.2,9,8.6,274
101.070020005716,106,70.5,2,8.9,8.6,231
101.140040011432,111,70.4,2.2,8.9,9.1,268
101.294084024007,122,69.6,2,9.1,8.6,281
101.280080022864,121,70.8,2.5,9,9.4,340
101.490140040011,136,68.6,3,9.8,11,406
101.518148042298,138,67.3,2.8,10.2,10.6,379
101.644184052586,147,65,3.4,10.7,13.2,436
102.078308088025,178,62.9,5.5,11.4,18.1,602
102.050300085739,176,61.1,4,12.2,13.2,507
101.812232066305,159,61.8,2.4,12.1,9.7,266
101.938268076593,168,65.6,3.1,11.7,13.3,335
102.120320091455,181,67.9,4,11.4,15.4,464
102.162332094884,184,70.8,4.6,11.2,17.8,527
101.96627607888,170,75.9,4.8,10.9,18,592
102.022292083452,174,78.3,6.2,11.3,21.3,821
101.490140040011,136,82.8,4.6,10.3,14.5,538
101.364104029723,127,82.5,4.5,10.4,15.8,513
101.336096027436,125,81.7,4.2,11,13.1,514
101.280080022864,121,79.8,2.6,11.7,7.7,345
101.224064018291,117,80,1.6,11.6,6,231
101.098028008002,108,80.1,1.3,11.3,3.5,166
52.0652173913044,55,78.7,0.5,10.8,1.2,61
43.3962264150943,46,81.5,0.4,10.7,0.8,49
43.3962264150943,46,80.3,0.3,10.9,0.7,54
64.8478260869565,67,80.7,0.4,10.7,0.9,78
89.3478260869565,90,81.8,0.6,10.5,1.8,136
101.224064018291,117,82.9,0.9,10.4,2.5,198
101.238068019434,118,82.1,1.1,10.6,3.1,211
101.154044012575,112,72.6,1,11.5,3.5,183
101.462132037725,134,65.5,1.6,12.8,5.7,277
101.364104029723,127,60.9,1.8,13.9,5.8,267
87.2173913043478,88,57.9,1,14.9,2.7,123
54.195652173913,57,63.5,0.8,14.8,2.2,68
98.9347826086957,99,68.9,1.4,13.6,5.8,186
101.392112032009,129,68.9,2.1,13.6,6.9,321
101.504144041155,137,67.1,2.3,13.5,9.1,343
101.630180051443,146,75.4,3.5,12.3,14,550
101.532152043441,139,80,3.8,11.7,13.1,598
101.378108030866,128,82.7,2.4,11.8,7.2,390
101.070020005716,106,77.5,1,11.8,3.8,159
101.182052014861,114,72.3,1.3,12,5.2,193
101.504144041155,137,79.6,2.3,11.2,7.4,316
101.182052014861,114,74.2,1.5,11.5,3.9,199
91.4782608695652,92,68.9,1.1,11.6,2.7,134
52.0652173913044,55,64.6,0.7,11.7,1.3,63
43.3962264150943,46,61.1,0.4,11.9,0.7,50
64.8478260869565,67,57.3,0.5,12.5,1.4,93
94.6739130434783,95,60.1,0.8,12.3,3,161
101.448128036582,133,68.7,1.9,11.5,9.1,368
101.518148042298,138,63.2,2.3,12.5,10,344
101.364104029723,127,63.2,1.9,12.9,8.6,288
101.252072020577,119,59.9,1.6,13.5,6.4,244
101.168048013718,113,61.3,1.4,13.4,6.2,224
101.112032009145,109,57.1,1.5,14.4,5.7,206
96.804347826087,97,57.2,1.4,15,5,163
101.224064018291,117,72.6,2,12.4,8,296
101.434124035439,132,73.6,2.5,12.8,10.5,386
101.224064018291,117,68.2,2.2,13.3,6.9,262
101.126036010289,110,66.6,2,13.4,7.8,212
101.252072020577,119,63.6,2.1,13.3,8,245
101.210060017148,116,62.4,2.1,12.9,8.1,263
101.30808802515,123,64.7,2.1,12.4,7.5,300
101.224064018291,117,65.6,1.6,12.1,6,242
100,100,69.8,1.1,11.3,3.2,152
101,101,68.7,1.2,11,4.1,165
101.070020005716,106,50.7,1.6,5.3,8.8,215
101.392112032009,129,50,2.5,5.9,7.5,300
101.35010002858,126,55.3,1.9,4.3,5.6,253
101.070020005716,106,57.1,1.4,4.2,4.8,181
98.9347826086957,99,58.3,1.5,3.5,5.3,171
96.804347826087,97,60.7,1.4,3,4.5,168
93.6086956521739,94,63.2,1.1,2.6,3,169
85.0869565217391,86,59,1,3.9,3,145
96.804347826087,97,57.2,1.2,4.7,4.7,190
101.168048013718,113,48.6,1.7,6.8,5.4,225
101.336096027436,125,43.6,2.3,8.6,7.4,261
101.644184052586,147,41.2,2.2,9.5,8.4,382
101.728208059446,153,35.9,2.4,10.9,8.9,357
101.644184052586,147,32.3,2.2,12.5,7.9,299
101.532152043441,139,32.6,2.1,12.8,7.7,313
101.896256073164,165,39.7,3,10.9,12.1,510
102.260360102887,191,51.8,4.7,9,16.6,832
101.994284081166,172,54.1,3.6,8.1,11.4,622
101.700200057159,151,54.6,2.5,7.8,7.9,402
101.504144041155,137,59.6,2.3,6.2,8.1,334
101.406116033152,130,59.9,2.1,5.7,6.4,295
101.196056016005,115,59.7,1.7,5.6,5.2,222
101.154044012575,112,62.9,1.8,4.7,5.2,230
101.056016004573,105,63.5,1.6,4.5,4.3,195
95.7391304347826,96,63.6,1.3,4.5,3.6,167
86.1521739130435,87,68.3,1.3,3.2,3.3,148
73.3695652173913,75,69.2,1.1,3.1,2.7,123
80.8260869565217,82,71.9,1,2.4,2.4,148
81.8913043478261,83,68.7,1,3.1,2.6,143
87.2173913043478,88,73.1,1.2,2.1,3.4,180
101.070020005716,106,68.2,1.3,3.3,3.9,226
101.154044012575,112,65.8,1.6,4.1,4.9,254
101.560160045727,141,56.6,2.2,6.6,7.5,372
101.65818805373,148,51.2,2.2,8,7.1,379
101.980280080023,171,44.9,2.8,10.3,9.6,478
101.826236067448,160,41.7,2.1,12.3,6.5,344
101.504144041155,137,41.3,1.6,13.5,5.5,258
101.92426407545,167,43.1,2.8,13.4,10.5,474
101.882252072021,164,53.3,2.6,9.9,8.9,438
101.910260074307,166,54.6,2.8,8.9,8.8,451
101.92426407545,167,54.8,2.9,8.9,10.5,473
102.022292083452,174,58.2,3.4,8.3,13,560
101.26607602172,120,69.5,1.7,9.5,5.6,226
101.252072020577,119,70.9,1.9,9.1,8.1,259
101.140040011432,111,72.1,2,7.9,7.7,260
101.112032009145,109,72.7,1.7,7.6,6.8,242
101.126036010289,110,71.7,1.8,7.5,8.1,267
101.35010002858,126,70.6,2.2,7.9,11.1,411
101.65818805373,148,69,3.7,8.6,16.4,670
101.854244069734,162,67.5,4.8,9.1,21.6,830
102.008288082309,173,65.8,4.8,9.8,19.3,845
102.358388110889,198,61.9,5.2,11.2,22.9,992
102.652472134896,219,60.1,5.9,12.8,25.3,1130
102.470420120034,206,62.4,5.9,13.4,25.2,977
101.756216061732,155,61.2,3.1,14.3,13.2,459
101.686196056016,150,59.6,2.6,14.6,13.9,346
101.65818805373,148,60,2.8,14.2,13.8,383
101.798228065161,158,62.6,2.8,13.8,13.5,414
101.714204058302,152,64,2.8,13.6,13.5,370
101.65818805373,148,64.5,3.1,13.4,15,400
101.644184052586,147,64.7,3.3,13.5,14.9,378
101.602172049157,144,65.3,2.7,13.4,11.9,357
101.602172049157,144,64.5,2.3,13.2,9.2,333
101.35010002858,126,62.3,1.6,13.2,6,227
101.196056016005,115,63.7,1.6,12.5,5.6,203
101.210060017148,116,64.6,1.7,12.3,5.4,210
101.154044012575,112,63.8,1.6,12.5,5.4,198
64.8478260869565,67,69.5,0.9,10.7,3.4,89
70.1739130434783,72,62.6,0.8,12.4,1.8,101
66.9782608695652,69,62.7,0.7,12.3,2.6,104
101.084024006859,107,66.6,1.1,11.4,4,192
101.224064018291,117,70.2,1.5,11.1,6.2,237
101.196056016005,115,61,1.5,13.4,5.8,211
101.26607602172,120,52.2,1.6,15.9,6.3,230
101.378108030866,128,54,1.6,15.6,5.9,240
101.518148042298,138,51.5,2,16.3,8.5,295
101.364104029723,127,50.8,1.7,16.5,6.2,243
101.140040011432,111,51.9,1.5,16.3,6.4,196
101.294084024007,122,53,2,16.2,7.9,237
101.462132037725,134,54.8,1.9,15.6,7.7,274
101.728208059446,153,57.5,2.1,14.5,8.9,352
101.952272077736,169,60.1,2.8,14,12.4,488
101.854244069734,162,63,2.7,13.5,11.3,426
101.714204058302,152,65.4,2.4,12.6,8.4,376
101.364104029723,127,67.5,1.6,12,7.3,237
101.154044012575,112,72,1.7,10.5,5.9,199
97.8695652173913,98,70.9,1.3,10,4.3,164
88.2826086956522,89,70.7,1.4,9.8,3.6,142
80.8260869565217,82,75,1.2,8,3.1,142
75.5,77,77.3,1,7,2.5,127
52.0652173913044,55,74.4,0.6,7.2,1.4,73
60.5869565217391,63,75,0.7,6.7,1.8,100
66.9782608695652,69,76.3,1,6.4,3.1,126
98.9347826086957,99,78.5,1.7,6,7.6,284
101.336096027436,125,77.4,3,6.3,15.3,419
101.30808802515,123,73.8,2.4,7.7,9.3,432
101.378108030866,128,61.5,2.2,10.2,11,310
101.672192054873,149,58.1,2.6,11.3,10.6,446
101.504144041155,137,62.3,2.5,10.6,11.4,464
101.644184052586,147,62,3,11.1,13.1,505
101.938268076593,168,57.7,3.3,12.6,14.8,564
102.106316090312,180,56.2,3.8,13.3,16.5,625
101.96627607888,170,65.3,3.6,11.2,16.5,590
102.106316090312,180,74.6,5,8.8,21.5,712
102.078308088025,178,78.5,5.7,7.2,22.2,723
101.812232066305,159,80,5,6.5,20.5,707
101.770220062875,156,83.8,4.8,5.8,17.7,737
101.630180051443,146,83.5,3.9,5.5,15.4,646
101.434124035439,132,81.3,3.3,5.8,11.6,536
101.504144041155,137,82.6,3.4,5.4,13,567
101.182052014861,114,76.3,2.4,6.4,6.7,357
94.6739130434783,95,73.6,1.4,7,4.6,187
87.2173913043478,88,69.3,1.2,7.9,3.4,169
93.6086956521739,94,71.7,1.2,7.4,3.4,184
96.804347826087,97,71.9,1.2,7.7,3.6,205
92.5434782608696,93,68,1.3,8.1,4.5,213
101.168048013718,113,77.1,2.3,6.7,10,415
101.35010002858,126,77.9,3.4,6.8,14.7,583
101.448128036582,133,66.7,3,8.9,11.3,462
101.560160045727,141,54.1,2.5,11.6,10.4,387
101.532152043441,139,49.4,2.7,13.5,11.2,414
101.644184052586,147,50.9,2.8,13.8,13.1,440
102.036296084596,175,55.9,3.6,13.4,14.3,516
102.106316090312,180,59,3.1,12.9,12.8,495
102.302372106316,194,59,4.3,13.3,18.9,643
102.27436410403,192,61.9,4.6,13,17.9,725
102.218348099457,188,63.6,4.3,12.5,16.5,683
102.092312089168,179,65.8,4.3,12.2,16.9,681
102.330380108602,196,65.2,5.5,12.6,22.4,833
101.952272077736,169,63.6,3.4,13.3,13.6,514
101.700200057159,151,62.6,2.4,13.5,9.1,371
101.30808802515,123,59.6,1.6,14.1,6,213
101.364104029723,127,61.4,1.7,14,6.3,242
101.364104029723,127,63.4,1.6,13.5,5.5,241
101.238068019434,118,64.2,1.3,13.2,5.6,218
41.5094339622642,44,63.8,0.6,13.5,1.8,54
43.3962264150943,46,67.3,0.6,12.5,1.6,60
43.3962264150943,46,64.2,0.5,13.2,1.6,55
58.4565217391304,61,63.4,0.6,13.1,2,93
57.3913043478261,60,60.5,0.7,13.8,1.9,81
69.1086956521739,71,60.4,0.9,13.7,3.5,109
101.140040011432,111,59.7,1.5,14,5.7,251
101.364104029723,127,56.2,1.9,15,8.1,284
101.378108030866,128,50.9,1.9,16.9,8.1,262
101.574164046871,142,52.4,2.2,16.6,12.6,256
101.6161760503,145,53.2,3.8,16.4,18.1,310
101.6161760503,145,52.8,2,16.1,8.7,269
101.770220062875,156,54.4,2.2,15.7,8.8,348
101.742212060589,154,55.3,3.3,15.4,14.1,396
101.896256073164,165,54.7,2.7,15.2,9.3,432
101.728208059446,153,56.6,2.6,14.7,11.6,419
101.700200057159,151,58.2,2.5,14.4,9.6,412
101.420120034296,131,59.2,1.5,14.3,5.8,223
101.378108030866,128,60.4,1.9,14,7.5,242
101.504144041155,137,63.6,2,13.7,7.4,288
101.252072020577,119,68.7,1.7,13.1,7.4,209
95.7391304347826,96,69.9,1.2,13.2,3.9,141
57.3913043478261,60,70.4,0.6,12.9,1.3,66
101.04201200343,104,73.3,0.4,12.3,6.7,303
101.504144041155,137,71.8,2.6,12.8,21,620
101.630180051443,146,70.2,3.5,13.1,21.4,590
101.490140040011,136,71.8,2.1,12.8,16.1,592
101.602172049157,144,70.3,2.1,13.1,16.4,698
101.448128036582,133,67,1.7,13.7,14.8,482
101.65818805373,148,65.4,2.6,14,20.1,575
101.756216061732,155,63.8,2.6,14.4,19.3,548
101.714204058302,152,65.9,2.4,14.1,19.3,498
101.6161760503,145,65.9,2.4,14.1,17.4,479
101.532152043441,139,66,2,14.1,17,420
101.462132037725,134,66.4,2,14,17.1,378
101.378108030866,128,66.4,3.1,13.8,16.4,340
101.476136038868,135,68.1,3.3,13.4,17.3,399
101.490140040011,136,69.1,3.3,13.2,14.6,449
101.35010002858,126,70,2.6,13,11.9,374
101.210060017148,116,69.9,1.7,12.7,7.3,244
101.210060017148,116,71.9,1.8,12,7.7,256
101.084024006859,107,66.8,1.5,13.2,4.9,212
90.4130434782609,91,69.5,1.1,12.4,3.9,146
68.0434782608696,70,70.6,0.7,11.8,2.9,96
76.5652173913043,78,68,0.7,12.3,2.6,106
73.3695652173913,75,69.2,0.9,12,3.3,115
101,101,69.8,1.3,11.7,5.2,236
101.490140040011,136,67.6,3.2,12.1,19,583
101.644184052586,147,65.1,5.1,12.5,26.5,662
101.588168048014,143,62.5,3.7,12.8,15.3,528
101.728208059446,153,59.9,3.2,13.4,15.6,549
101.65818805373,148,57.9,3.1,13.4,16.4,531
101.672192054873,149,56.4,3,13.6,16.1,493
101.560160045727,141,56.3,3.6,13.8,18.8,527
101.644184052586,147,57.9,3.2,13.7,18,487
101.812232066305,159,58.9,3.9,13.6,20.1,581
101.714204058302,152,59.7,3.4,13.4,17.6,531
101.602172049157,144,61.2,3.9,13.3,19.3,495
101.630180051443,146,61.8,3.6,13.2,19.7,487
101.854244069734,162,61.5,4.7,12.9,24.5,596
101.770220062875,156,63.9,4.1,12.6,18.4,595
101.630180051443,146,67.4,3.4,12,16.6,559
101.700200057159,151,69,3.5,11.9,16.2,586
101.364104029723,127,66.6,1.2,12,9.6,399
101.30808802515,123,69.6,2.4,11.4,11.4,399
101.294084024007,122,70.3,2.1,11.2,9.1,381
81.8913043478261,83,74.8,1,10,4.7,183
97.8695652173913,98,78.5,1.4,9.2,7.3,357
101.112032009145,109,79.4,1.8,8.8,9.3,479
101.518148042298,138,79.4,3.8,8.7,17.8,852
101.518148042298,138,76.5,4.1,8.9,20.1,822
101.96627607888,170,73.3,4.4,9.9,19.6,910
102.260360102887,191,65.5,3.5,11.8,16.5,800
102.330380108602,196,60.9,3.5,13,17.3,758
102.176336096027,185,52.3,3.8,14.7,17.7,647
101.770220062875,156,49.6,3.1,15.1,15.2,431
102.008288082309,173,48.8,3.4,15.7,18.2,491
101.910260074307,166,48.9,3.3,15.8,17.2,476
102.008288082309,173,54,3.4,14.6,17.6,538
102.064304086882,177,56.3,4.7,14.3,25.4,621
102.134324092598,182,57.8,5.7,14.1,28.4,728
101.910260074307,166,62.9,5.6,13.1,27.5,716
102.064304086882,177,67.5,5.9,12,23.3,782
101.798228065161,158,70.9,3.6,10.7,15.2,550
101.448128036582,133,73.2,2.5,10,11.1,377
101.30808802515,123,75,2.9,9.4,11.5,391
101.26607602172,120,76.9,2.5,8.5,10.2,433
101.056016004573,105,75.9,1.7,8.4,6,287
85.0869565217391,86,82.1,1.1,6.2,3.7,192
75.5,77,77.3,0.9,7,3.2,161
79.7608695652174,81,79.7,1,6.5,3.7,194
101.028008002286,103,76.8,1.6,7.7,8,343
101.364104029723,127,74.9,3.1,8.2,16.3,624
101.462132037725,134,73.2,4.1,8.8,24,758
101.798228065161,158,70.1,3.9,9.7,15.7,760
102.036296084596,175,62.7,3.6,11.7,16.5,713
102.078308088025,178,58.5,3.2,13.1,12.8,615
101.476136038868,135,54.1,2.2,14.2,11.3,319
101.448128036582,133,54.3,2.4,14.2,12.9,338
101.462132037725,134,56.3,2.7,14,14.1,380
101.504144041155,137,57.8,2.7,13.5,15.8,366
101.826236067448,160,63,3.9,12.3,19.9,567
101.910260074307,166,68,5.2,11.4,26.6,702
101.602172049157,144,69.5,4,10.8,19.8,523
101.392112032009,129,67.1,2.9,11,13.3,373
101.392112032009,129,71.3,3.3,9.5,13,467
101.084024006859,107,71,2,8.8,7.5,260
101,101,73.4,1.8,8,7.8,244
101.154044012575,112,73,2.7,7.6,8.8,317
97.8695652173913,98,73.9,1.8,7.1,6.4,224
89.3478260869565,90,73.5,1.3,7.1,4.5,176
56.3260869565217,59,81.3,1.1,5.1,4.2,103
97.8695652173913,98,82.9,1.6,4.3,6.9,367
101.112032009145,109,80.4,1.3,5.3,5,326
101.126036010289,110,79.3,1.4,5.7,7.3,374
101.812232066305,159,74.8,5,6.8,24.5,756
101.602172049157,144,75.2,4.3,6.9,16.9,690
101.644184052586,147,71.9,4.1,8,17.7,754
102.092312089168,179,67.1,3.8,9.3,17.1,750
101.882252072021,164,63.6,3.1,10.2,14.7,590
101.826236067448,160,60.9,3.3,11,17.4,525
101.588168048014,143,60.1,3.1,11.3,15.1,406
101.518148042298,138,56.9,2.7,12.2,14.5,360
101.588168048014,143,59.1,3.4,11.9,16.9,448
102.330380108602,196,66.3,5,10.3,24.3,733
102.344384109746,197,74.9,5.7,8.2,26.1,847
102.2323521006,189,77.1,5.8,7.9,26.4,765
102.218348099457,188,75,5.8,8.3,25.7,715
102.246356101743,190,75.2,5,8.2,18.2,716
101.35010002858,126,69.7,1.7,8.3,6.2,235
101.168048013718,113,74.4,1.6,6.7,6.7,198
101.392112032009,129,74.9,2.3,6.4,7.5,293
101.378108030866,128,80.1,2.4,4.9,7.5,356
101.294084024007,122,79.4,2,4.8,6.2,285
91.4782608695652,92,81.4,1.1,3.4,3.1,158
68.0434782608696,70,77,1,4.2,2.8,95
81.8913043478261,83,80.8,1.3,3.5,4.3,148
101.364104029723,127,80.3,1.9,3.5,9.7,337
101.574164046871,142,78.5,2.6,4,10.9,453
101.756216061732,155,76.6,2.7,4.5,10.6,497
101.728208059446,153,72.3,2.4,5.6,10,448
102.064304086882,177,64.4,2.7,7.5,11.6,496
102.092312089168,179,60.8,3.1,8.9,15.6,535
102.554444126893,212,55.3,4.4,10.6,18.1,644
102.134324092598,182,46.3,3.2,12.3,12.3,459
101.938268076593,168,47,2.9,12.2,11.4,409
102.092312089168,179,55.1,3,10.5,15.2,515
102.134324092598,182,66.3,3.7,8.7,17.4,640
102.302372106316,194,69.9,5.2,7.9,20.8,816
101.910260074307,166,65.3,3.3,7.6,12.8,505
101.938268076593,168,67.6,3.6,6.5,14.7,560
101.65818805373,148,66.4,2.3,5.9,8.3,389
101.700200057159,151,70,3,5.2,11.1,492
101.896256073164,165,67.8,3.8,5.2,13.6,531
101.896256073164,165,67.1,3.2,4.9,9.8,487
101.378108030866,128,65.5,2.1,5.1,7.6,293
101.196056016005,115,68.9,1.7,3.7,5.9,219
101.26607602172,120,62.7,1.4,4.5,4.2,198
101.070020005716,106,62.3,1.2,4.7,4.5,166
101.238068019434,118,67.1,1.4,3.9,5.4,255
101.770220062875,156,54.5,1.4,5.7,4.8,312
101.406116033152,130,50.3,1.7,6.1,6.3,236
101.154044012575,112,39.5,1,9,2.6,172
95.7391304347826,96,34.4,1,10.7,2.6,138
88.2826086956522,89,33.4,0.8,11.1,2.2,121
97.8695652173913,98,30.8,1,11.9,3,143
84.0217391304348,85,32,0.8,11.4,1.9,114
78.695652173913,80,32.5,0.7,11.3,2,107
101.154044012575,112,33,1.1,11,2.8,176
101.280080022864,121,35,1.1,10.3,3.3,180
101.434124035439,132,40.9,1.2,8.4,3.4,212
101.826236067448,160,38.5,2,8.3,7.1,331
101.92426407545,167,37.9,2.2,8.1,7.4,369
101.784224064018,157,39,1.5,7.7,4.3,274
101.406116033152,130,41.5,1.2,7,3.9,199
101.6161760503,145,42.6,1.5,6.6,5.2,248
101.448128036582,133,44.2,1.4,6.4,3.8,197
101.126036010289,110,46,1.2,6,3.5,147
100,100,53.1,1,4.4,2.9,135
77.6304347826087,79,55.8,0.7,3.7,1.1,95
77.6304347826087,79,58.6,0.5,2.6,1,94
89.3478260869565,90,56,0.7,3.2,1.6,121
94.6739130434783,95,55.4,1,3.6,3.2,131
101.952272077736,169,63.3,3,1.8,15.9,552
102.372392112032,199,60.2,4.1,2.4,18,614
102.190340097171,186,52.1,3.1,4.6,14.7,530
102.498428122321,208,40.5,3.8,8.2,15.1,721
102.078308088025,178,34.7,2.7,10.5,13.4,474
102.050300085739,176,33.3,3.1,11.1,14.5,514
102.064304086882,177,32.6,3.1,11.1,14.7,504
102.134324092598,182,28.3,3.2,12.4,17,508
102.134324092598,182,24.5,3.3,12.9,15.3,529
102.288368105173,193,28.7,4,11.4,21.2,676
103.394684195484,272,39.3,8.6,9.2,43,1216
102.736496141755,225,48.1,8.7,7.8,37.2,1230
102.120320091455,181,50.6,3.6,7.2,16.7,582
101.994284081166,172,53.3,3,6,13.4,460
101.728208059446,153,55,1.9,5.3,8.7,340
101.588168048014,143,58.1,1.9,4.2,7.4,298
101.574164046871,142,60.9,1.6,3.4,6.7,300
101.420120034296,131,60.2,1.4,3,5,223
101.056016004573,105,58.8,1,3.2,3.4,151
86.1521739130435,87,59.7,0.8,3.1,2.5,125
101.070020005716,106,57.1,0.9,4.2,3.5,181
101.546156044584,140,58.5,1.5,3.4,6.9,341
101.92426407545,167,57.3,3.1,3.9,16.8,552
102.036296084596,175,56.8,5.1,4.3,20.3,839
102.876536153187,235,52.9,5.8,5.6,25,1049
102.330380108602,196,54.9,3.8,5.5,17.2,796
102.54044012575,211,64.3,4.4,5.1,21.4,999
102.862532152043,234,66.1,4.9,5.5,25.1,1022
102.946556158903,240,69.3,5.2,5.5,28,1023
102.988568162332,243,75.5,4.6,5,26.1,1065
102.722492140612,224,76.2,4.8,5.2,24.7,1098
102.946556158903,240,77.4,4.9,5.3,24.5,1099
102.596456130323,215,79.6,4.9,5,27.7,939
102.610460131466,216,83,5.5,5.1,26,875
102.162332094884,184,82.9,4.2,6.4,21.7,745
101.714204058302,152,74,1.5,10.3,6,339
101.04201200343,104,71.8,0.1,11.3,3.3,135
101.04201200343,104,81.9,0.2,9.8,4.9,167
101.322092026293,124,83.8,0.9,9.5,6.6,232
101.364104029723,127,81,1,9.9,6.7,273
101.112032009145,109,79.8,0.4,9.9,4.4,165
88.2826086956522,89,69.5,0.1,5.6,2.5,130
101.378108030866,128,64.9,0.7,7,7.6,265
101.714204058302,152,65.4,1.2,7.1,7.3,314
101.378108030866,128,67.4,0.2,6.4,3.7,194
101.126036010289,110,63.3,0.3,8.6,4.6,193
101.378108030866,128,55,0.6,10,6.7,263
101.182052014861,114,53.6,0.2,9.4,4.3,176
101.126036010289,110,55,0.2,9.2,4.3,168
101.154044012575,112,55.1,0.7,8.7,4.1,170
101.406116033152,130,54.4,1.8,8.9,7.6,234
101.476136038868,135,53.6,2.2,8.6,7,256
101.560160045727,141,50.4,2.3,9,9.6,257
101.560160045727,141,49.8,2.6,9.2,7.8,317
94.6739130434783,95,52.1,1.1,8.8,2.4,135
96.804347826087,97,50.9,1.2,8.8,3.9,159
101.154044012575,112,51.1,1.8,8.7,4.1,186
72.304347826087,74,51.5,1.1,8.6,2.5,102
59.5217391304348,62,51.9,0.9,8.5,1.3,75
37.7358490566038,40,54.2,0.6,7.8,0.7,41
42.4528301886792,45,56,0.6,7.1,0.9,50
92.5434782608696,93,57.6,0.9,7,2.9,189
101.04201200343,104,55.3,1,7.5,2.7,182
101.854244069734,162,56.3,3.4,7,14.4,636
101.952272077736,169,53.5,4.2,7.6,17.2,704
102.246356101743,190,50.5,4.4,8.3,17.4,854
101.96627607888,170,37.1,2.9,12.4,11.5,652
101.700200057159,151,32.3,2.6,13.9,11.9,529
101.686196056016,150,28.9,2.6,14.4,12.6,438
101.742212060589,154,25.4,3,14.8,14.3,438
101.546156044584,140,20.8,2.3,15.1,10.3,378
101.92426407545,167,23.5,3,15.4,14.5,482
102.442412117748,204,28.1,4.5,13.7,21.9,709
102.526436124607,210,37.5,6,11.5,28.5,796
102.134324092598,182,42.3,4.3,10.4,21.2,605
101.896256073164,165,44,3.4,9.9,16,472
101.686196056016,150,48.3,2.8,8.7,13,411
101.434124035439,132,49.9,2.1,8.1,7,264
101.26607602172,120,52.8,1.7,7.3,6.4,217
101.252072020577,119,52.2,1.8,8,5.8,211
101.126036010289,110,56.4,1.6,6.8,5.6,179
93.6086956521739,94,57.4,1.4,6.7,4.5,135
101.224064018291,117,66.5,1.3,5.5,6.6,284
101.280080022864,121,65.8,1.6,5.9,9.2,357
101.518148042298,138,63.9,2.4,6.4,12.2,469
102.022292083452,174,62.2,4.5,7.2,22.6,766
102.092312089168,179,60,5.7,7.9,29,875
102.036296084596,175,58.5,4.3,8.3,19.4,800
102.148328093741,183,54.5,4.2,9.3,20.5,815
102.2323521006,189,53.1,4.5,10.2,22.5,841
102.358388110889,198,51.4,5,11.1,24,827
101.574164046871,142,46.9,2.9,12.8,13.9,402
101.532152043441,139,48,3,13.1,16.8,415
98.9347826086957,99,51.5,3.3,13.5,20.2,435
101.476136038868,135,51.2,1.4,13.4,16.4,570
102.708488139468,223,55.3,2.3,12.1,18,530
102.302372106316,194,56.5,1.6,12,20.3,617
103.002572163475,244,64.4,4.9,10.4,38.1,983
102.988568162332,243,69.1,6.4,9.4,35.7,1200
102.806516147471,230,71,3.5,8.9,21.8,1028
102.484424121177,207,73.8,1.7,8.1,18.2,797
102.708488139468,223,76.8,2.6,7.3,20.1,977
102.610460131466,216,76.7,1.6,7.3,14.4,811
102.358388110889,198,77.3,1.5,7.1,15.1,757
101.35010002858,126,77.8,0.5,7,11.5,388
101.602172049157,144,80.5,0.9,5.7,13.7,497
102.148328093741,183,81.4,0.4,5.2,11.6,582
102.288368105173,193,80.4,0.5,5.6,13.2,574
102.330380108602,196,78.8,0.8,6.3,15.6,588
102.498428122321,208,76.9,1.4,6.9,16.9,645
102.624464132609,217,67.7,1.6,9.2,18.5,643
103.030580165762,246,59.8,1.5,11.6,16.6,628
102.442412117748,204,52,1,14,15,547
102.27436410403,192,50.2,1,15,15,461
102.190340097171,186,49.9,1.3,14.9,16.9,455
101.448128036582,133,33.8,0.1,15.8,7,244
101.65818805373,148,27.2,0.1,13.4,8.6,310
101.92426407545,167,28.7,0.4,12.2,12.2,391
102.036296084596,175,25.7,0.7,11.3,12.6,444
102.722492140612,224,31.9,2.7,9.7,21.1,794
102.596456130323,215,36.5,2.1,8.4,16.9,716
102.330380108602,196,36.8,1.3,8.2,15.1,565
102.316376107459,195,36,0.8,8,10.1,451
101.490140040011,136,80.4,0.1,4,7.6,248
37.7358490566038,40,51.3,0.3,6.6,0.6,43
64.8478260869565,67,47.2,0.5,7,1.2,86
101.04201200343,104,47.9,0.6,6.6,2.9,152
101.952272077736,169,49.8,1.8,7.2,11.1,341
102.428408116605,203,52.8,2,6.9,9.7,355
102.148328093741,183,46.7,1.4,8.7,5.7,327
101.700200057159,151,40.6,0.6,10,5.4,240
101.518148042298,138,35.4,0.5,11.8,5.1,217
101.364104029723,127,37.2,0.7,10.7,5.8,191
101.65818805373,148,33.1,1.1,10.7,8,256
101.994284081166,172,34.2,1.3,10.6,7.1,287
101.868248070877,163,38.1,1,8.9,7.6,278
102.106316090312,180,39.7,1.5,7.8,10.4,302
101.952272077736,169,42.2,1.5,7.3,8.9,259
101.714204058302,152,42.5,1.2,6.9,7.3,221
101.084024006859,107,43.2,0.3,6.6,3.6,142
101.196056016005,115,45.9,0.2,4.3,2.9,180
101.784224064018,157,50.1,0.7,4.2,5.4,243
101.644184052586,147,62.7,0.5,3.4,5.1,236
102.218348099457,188,51.4,0.4,5,3.8,297
101.35010002858,126,44.1,0.3,5.7,3.9,235
101.182052014861,114,44.5,0.3,5.2,3.6,186
101.30808802515,123,48.6,0.4,4.7,4.2,196
101.084024006859,107,51,0.2,4.5,3.6,167
101.280080022864,121,50.1,0.4,5.1,3.6,211
101.238068019434,118,50.4,0.4,5,3.9,194
101.462132037725,134,56.4,0.7,4.3,4.9,206
101.574164046871,142,56.7,1,4.3,5.8,211
101.448128036582,133,57,1.1,4.3,6.1,197
101.070020005716,106,60.3,0.3,3.5,2.8,139
86.1521739130435,87,52.5,0.1,4.1,2.4,113
101.490140040011,136,50.2,0.3,3.3,3.3,227
101.868248070877,163,47.5,0.6,3.5,4.4,250
101.588168048014,143,49.4,0.3,4.3,2.8,219
101.462132037725,134,48.4,0.1,4.5,3.2,211
101.406116033152,130,50,0.1,4.3,2.7,189
101.294084024007,122,49.7,0.2,4.3,3.5,180
101.392112032009,129,45.3,0.5,4.9,4.8,197
101.434124035439,132,42.4,0.3,5.6,3.4,198
101.448128036582,133,43.1,0.3,5.7,4.2,203
101.35010002858,126,49.7,0.3,4.8,4.2,188
102.064304086882,177,43,1,5.1,8.5,294
102.176336096027,185,44.4,1.4,5.3,9.2,302
101.952272077736,169,47.9,1.4,4.9,7.6,261
101.700200057159,151,50.8,1.1,4.7,6.2,232
101.182052014861,114,54.8,0.4,4.6,2.9,154
89.3478260869565,90,56.8,0.2,4,2.5,120
86.1521739130435,87,46.8,0.2,4.2,2.6,117
81.8913043478261,83,42,0.2,4.5,2.2,108
72.304347826087,74,42.1,0.2,4.1,2.5,97
24.5283018867925,26,45.9,0.4,4.1,0.3,27
58.4565217391304,61,42.5,0.5,4.3,0.7,81
90.4130434782609,91,38.1,0.7,4.6,1.4,129
102.162332094884,184,39.4,1.9,4.6,6.6,336
102.442412117748,204,41.9,2.4,4.8,8.4,335
102.176336096027,185,40.2,2,5.9,5.5,318
101.336096027436,125,38.4,1.3,7,3.5,201
101.04201200343,104,40.2,1,6.6,3,166
101.196056016005,115,41.2,1.2,6.6,4.1,192
101.35010002858,126,36.8,1.5,7.3,4.7,198
101.336096027436,125,35,1.3,7.3,4.5,198
101.532152043441,139,33.5,1.5,7,4.7,223
101.574164046871,142,32.4,1.5,6.5,5.1,224
101.96627607888,170,33.9,2.1,5.7,7.7,266
102.316376107459,195,36.1,2.6,5,10.3,326
102.414404115462,202,38.3,3,4.7,11.5,343
101.938268076593,168,39.9,2,4.5,6,243
101.378108030866,128,41.1,1.4,4.3,3.6,177
101.196056016005,115,43.1,1.3,4,4.3,155
101.140040011432,111,46,1.2,3.7,3.4,143
96.804347826087,97,47.4,1.1,3.3,2.4,124
75.5,77,49.1,0.9,3,2,94
48.1132075471698,51,48,0.6,3.6,1.2,56
46.2264150943396,49,47.8,0.5,4,0.9,58
77.6304347826087,79,48.1,0.6,4.1,1.6,105
91.4782608695652,92,47.4,0.7,4.1,1.7,122
101.92426407545,167,48.7,1.6,4.2,6.2,274
102.470420120034,206,49.8,2.2,4.1,8.2,342
102.162332094884,184,48.4,1.8,4.3,6.4,296
102.050300085739,176,49.7,1.5,4.6,5.9,279
102.260360102887,191,49.6,1.8,4.5,5.7,325
101.644184052586,147,48.4,1.4,4.4,5.3,222
102.022292083452,174,47.2,2.1,4.7,7.3,279
101.92426407545,167,49.5,1.6,4.2,5.1,248
101.518148042298,138,50.7,1.3,3.4,3.9,193
57.3913043478261,60,49.7,0.7,1.9,0.8,70
32.0754716981132,34,53.8,0.5,1.4,0.5,37
29.2452830188679,31,54.7,0.5,1,0.5,33
34.9056603773585,37,52.3,0.4,1.4,0.6,43
55.2608695652174,58,51,0.5,1.6,0.9,73
91.4782608695652,92,53.1,0.8,1.4,2,125
101.126036010289,110,54.1,1.1,1.7,2.8,154
101,101,51,1.1,2.5,2.8,140
95.7391304347826,96,48.7,1.1,2.9,3,150
101.014004001143,102,45.8,1.1,3.6,2.4,139
95.7391304347826,96,48.1,1.1,3.1,2.5,135
101.014004001143,102,46.6,1.2,3.4,3,152
87.2173913043478,88,45.8,1,3.7,2.2,121
86.1521739130435,87,43.7,1.2,4.4,2.6,122
101.196056016005,115,44.9,1.3,4,3.4,167
101.238068019434,118,46.8,1.4,3.3,3,165
101.462132037725,134,48.1,1.3,3.1,3.1,190
101.336096027436,125,49,1.4,2.8,3.4,176
101.546156044584,140,47.4,1.5,3.1,2.9,196
81.8913043478261,83,49,1,2.9,1.7,103
71.2391304347826,73,49.1,1,2.8,1.6,91
91.4782608695652,92,49.7,1.1,2.9,2.3,119
101.112032009145,109,46.5,1.3,3.8,2.2,147
80.8260869565217,82,46.9,1,3.2,1.7,101
47.1698113207547,50,44.4,0.6,3.1,0.6,55
41.5094339622642,44,43.4,0.5,3,0.6,51
46.2264150943396,49,43.8,0.4,2.8,0.4,53
59.5217391304348,62,43.2,0.5,2.7,0.7,74
84.0217391304348,85,42.3,0.7,3.3,1.2,113
80.8260869565217,82,39,0.8,4.6,1.4,107
75.5,77,37.5,0.8,5.6,2,101
91.4782608695652,92,34.2,1,7.2,2,129
94.6739130434783,95,35.6,0.9,6.9,1.6,126
94.6739130434783,95,30.1,0.9,8.2,1.6,132
74.4347826086957,76,27.9,0.9,7.6,1.8,101
94.6739130434783,95,25.9,1,7.9,1.8,128
101.238068019434,118,28.3,1,7.8,2.6,170
101.30808802515,123,28.8,1.1,6.3,2,174
101.546156044584,140,30.1,1.2,5.4,2.8,215
101.868248070877,163,31.1,1.6,5,3.9,248
101.882252072021,164,33.8,1.7,4.6,4.1,247
101.26607602172,120,36.6,1.1,4.3,2.4,154
101.406116033152,130,39,1.3,4,3.5,186
101.6161760503,145,42.8,1.7,2.9,4.6,231
101.35010002858,126,38.9,1.5,3.4,3,174
58.4565217391304,61,36.4,0.8,4,1,68
34.9056603773585,37,37.7,0.4,3.7,0.4,39
34.9056603773585,37,38.9,0.4,3.4,0.3,39
47.1698113207547,50,37.5,0.4,3.7,0.6,54
101.112032009145,109,35.2,0.7,3.7,1.4,158
102.358388110889,198,33.9,1.8,3.7,7.1,350
103.548728208059,283,34.4,3.5,6.6,15.1,584
103.170620177193,256,22.4,2.8,10,12.5,478
103.240640182909,261,18.6,3.1,11.9,12.8,563
102.120320091455,181,17.2,2.5,12.5,11.9,414
102.302372106316,194,17.3,2.7,13.2,11.7,398
102.58245212918,214,18.7,2.9,13.5,14.7,451
102.442412117748,204,18.2,3.2,14.1,15.7,503
102.778508145184,228,20.3,4.1,13,21.1,640
103.366676193198,270,24.7,6.1,10.4,27.4,843
103.576736210346,285,29.8,6.8,8.6,30.8,954
103.534724206916,282,36.8,6.8,7.3,29.2,984
102.876536153187,235,39.4,3.7,6.3,15,586
102.498428122321,208,43.5,2.1,5.4,7.1,360
101.840240068591,161,45.6,1.4,5.1,5.4,231
101.630180051443,146,49.4,1.3,4.2,4.8,200
101.30808802515,123,50.1,1.1,4.1,3.8,153
101.112032009145,109,51.5,1,4.1,3.5,135
101.196056016005,115,64.8,0.8,2.5,3.6,196
101.182052014861,114,68.9,0.9,1.8,3.8,208
101.294084024007,122,64.9,1.1,2,4.2,241
101.672192054873,149,65.3,1.6,2.2,7.7,417
102.204344098314,187,64,3.7,3.1,20,896
102.358388110889,198,61.7,4.8,3.7,22.1,966
102.330380108602,196,58.8,4.1,4.4,17.2,878
102.638468133752,218,54.1,4.5,5.8,21.4,985
102.764504144041,227,50.8,4.5,7.3,19.8,1017
102.120320091455,181,47.2,3.7,9.5,18.8,683
102.092312089168,179,44.4,4.2,11.8,18.8,660
101.700200057159,151,45.5,3.3,12.7,16.7,492
101.854244069734,162,44.8,3.2,13.5,14.4,497
101.896256073164,165,48.9,3.6,12.3,16.3,562
102.008288082309,173,40.3,3.5,10.8,14.4,539
102.218348099457,188,36.7,4.1,9.4,17,502
102.190340097171,186,39.5,4,8.3,14.8,452
101.994284081166,172,41.3,3.3,7.8,9.8,357
101.686196056016,150,43.8,3,7.3,6.1,289
101.504144041155,137,47.6,2.6,6.7,5.4,221
101.448128036582,133,51.2,2.6,6.6,4.7,204
101.294084024007,122,52.6,2.6,6.4,5.1,183
101.406116033152,130,57.8,2.9,5.3,6.9,222
101.280080022864,121,66.8,2.5,3.3,4.8,210
101.196056016005,115,62.9,2,3.7,3.6,185
101.336096027436,125,67.5,2.2,2.6,4.5,257
101.490140040011,136,60.9,2.4,3.5,5.2,297
102.022292083452,174,63.4,4,2.7,15.1,573
102.722492140612,224,64.2,6.7,2.8,27.3,883
102.806516147471,230,53.1,5.6,5.8,19.6,824
102.456416118891,205,40.1,4.3,9.7,14.8,693
102.442412117748,204,30,4,12.7,14.5,714
101.532152043441,139,20.7,2.6,13.7,10.1,388
101.448128036582,133,19.9,2.2,13.7,10.1,337
101.364104029723,127,18.1,1.9,14.1,8.3,326
101.322092026293,124,18,1.8,14.5,9,329
101.798228065161,158,20.4,3.1,13.2,13.4,465
101.980280080023,171,25.1,4.8,10.5,19.5,612
102.288368105173,193,31.4,5.8,8.9,27.8,759
102.316376107459,195,36.2,5.9,8.2,31.4,771
102.554444126893,212,39.6,4.1,6.7,15.6,655
102.288368105173,193,42,1.8,5.8,7,332
101.92426407545,167,45.9,1.7,4.9,7.8,287
101.770220062875,156,47.9,1.7,4.5,5.6,242
101.728208059446,153,51.6,1.5,3.9,6,242
101.378108030866,128,54.7,1.1,3.4,3.9,192
101.056016004573,105,63.7,0.3,1.2,2.9,142
101.406116033152,130,60.3,0.4,2.1,2.8,194
101.462132037725,134,63.1,0.6,1.3,4.2,216
103.436696198914,275,64.8,3,1.3,16.7,728
103.912832237782,309,62.2,5.6,2.1,29.1,975
104.094884252644,322,50.8,4.9,5.1,20.7,947
104.248928265219,333,39.7,3.5,8.5,15.5,790
102.876536153187,235,33,2.2,11.5,10.3,551
102.960560160046,241,34.3,2.7,12.2,13.8,565
102.58245212918,214,35,2.7,13.5,12.7,532
102.022292083452,174,34.9,2.1,14.9,11.4,459
101.784224064018,157,34.5,2,15.7,10.2,407
101.96627607888,170,37.2,2.4,14.7,14.3,434
102.554444126893,212,44.8,6.7,12.2,32.4,980
103.072592169191,249,52.4,6.4,10.3,29,966
102.820520148614,231,55.5,3.9,9.3,17.6,646
102.610460131466,216,57.6,2.7,8.3,12.6,471
102.624464132609,217,65.1,3,6.3,15.5,528
102.428408116605,203,63.1,2.1,6.5,9.1,378
101.840240068591,161,62.7,1.2,6,6.4,235
101.644184052586,147,65.4,1.2,5.1,5.1,217
101.140040011432,111,64.6,0.7,4.7,3.3,141
101.196056016005,115,63.5,0.8,5,3.1,158
78.695652173913,80,65.5,0.4,3.9,2.2,87
101.294084024007,122,74.5,0.7,1.8,3.9,194
102.190340097171,186,73.7,1.4,1.8,6.9,401
103.870820234353,306,70.9,4,2.3,19.7,887
103.800800228637,301,61.1,3.9,4.4,20.1,654
103.422692197771,274,49.8,3.1,7.7,16.3,566
103.044584166905,247,36.9,3.2,12.1,14.3,649
101.952272077736,169,28.5,1.5,15,7,309
101.518148042298,138,28.3,1.2,14.5,6.3,229
101.672192054873,149,31.8,1.9,12.9,8.6,312
101.896256073164,165,32.3,1.5,12.1,6.6,276
101.770220062875,156,33.5,1.4,11.3,6.1,236
102.162332094884,184,32.6,1.9,11.4,8.8,312
102.344384109746,197,37.8,2.2,9.1,9.4,345
102.442412117748,204,41,3,8.1,11.8,386
102.484424121177,207,41.9,2.6,7.7,11.3,356
102.498428122321,208,43.9,2.8,7.1,9.7,467
102.022292083452,174,45.8,1.6,6.3,5.8,287
101.784224064018,157,46.1,1.3,6,5.3,239
101.910260074307,166,49,1.6,5.5,5.3,266
101.92426407545,167,52,1.5,4.9,5.1,261
101.742212060589,154,54.7,1.3,4.1,4.8,223
101.882252072021,164,66.2,2,1.5,7,272
101.672192054873,149,67.7,1.3,1,4.4,226
101.686196056016,150,69.9,0.9,0.8,5.6,250
102.456416118891,205,67.2,1.4,1.3,7.3,402
103.548728208059,283,63.6,3.1,2,12.7,708
103.926836238925,310,52.7,4.1,4.1,11.3,759
102.386396113175,200,39.2,1.3,7.5,4.9,302
101.644184052586,147,34.5,0.9,9,3.8,210
101.378108030866,128,34.5,1,9.2,3.4,180
101.280080022864,121,33.8,1,9.3,4.2,165
101.392112032009,129,33.1,1.1,9.3,3.7,180
101.126036010289,110,30.8,0.8,9.7,3.3,147
101.35010002858,126,31.1,1,9.6,3.4,177
101.280080022864,121,32.8,0.9,8.6,3.1,157
101.574164046871,142,35,0.9,7.2,4.3,195
102.022292083452,174,36.8,1.6,6.4,6.2,263
101.938268076593,168,40.2,1.4,6,5.2,239
102.106316090312,180,42.6,1.4,5.5,5.8,267
101.784224064018,157,43.7,1.1,4.9,3.5,214
101.854244069734,162,43.2,1.2,4.2,4.9,236
102.008288082309,173,39.2,1.8,4,4.7,251
102.050300085739,176,40.1,1.4,3.7,4.9,255
101.994284081166,172,47.1,1.4,3.1,5,235
87.2173913043478,88,51.9,0.8,1.2,1.8,95
84.0217391304348,85,52.2,0.7,1,1.3,95
87.2173913043478,88,53.3,0.7,0.6,1.5,100
93.6086956521739,94,52.8,0.6,0.8,1.3,110
101.196056016005,115,53.7,0.8,0.3,2,149
101.504144041155,137,42.9,1.3,4.1,4.3,197
102.554444126893,212,33.3,2,8,6.7,351
102.008288082309,173,25.2,1.7,10.7,4.6,249
101.476136038868,135,23.5,1.2,11.1,3.5,188
100,100,26,1,10.6,2.1,127
76.5652173913043,78,27.7,0.8,10.3,1.9,96
100,100,28.3,1,10.2,2.7,138
101.686196056016,150,29.9,1.4,9.2,3.7,217
101.574164046871,142,36.4,1.1,6.9,2.9,186
101.896256073164,165,38,1.6,6,4.5,227
102.092312089168,179,36.4,1.8,5.8,5.3,252
101.672192054873,149,35.4,1.4,5.8,3.7,193
101.35010002858,126,36.6,1.1,5.4,2.6,158
101.26607602172,120,37.9,1,5.1,2.4,150
101.126036010289,110,38,1.1,4.8,2.4,130
91.4782608695652,92,38.1,1,4.5,2,104
76.5652173913043,78,38.1,0.8,4.3,1.5,86
62.7173913043478,65,41,0.6,3.8,0.8,67
71.2391304347826,73,44.6,0.6,3.3,1,75
84.0217391304348,85,44.5,0.6,3.6,1.3,97
101.448128036582,133,47,0.8,3.4,2.4,177
103.030580165762,246,49.5,2.3,2.9,8.7,433
103.520720205773,281,40.5,2.8,5.6,10.5,471
102.694484138325,222,33.8,2.1,7.5,7.9,346
102.134324092598,182,25.2,1.7,10.8,6.5,262
101.742212060589,154,20.6,1.4,12.9,5.7,221
101.938268076593,168,21.4,1.6,12.2,6.2,265
101.672192054873,149,21.9,1.4,12,5.4,219
101.770220062875,156,24,1.3,12.2,4.9,235
101.770220062875,156,24.3,1.4,12,5,227
102.204344098314,187,27.8,1.7,10.5,6.9,285
102.302372106316,194,33.9,1.9,8.7,7.5,291
102.442412117748,204,37.6,2.3,7.8,8.2,295
102.022292083452,174,39.4,2,7.2,7.7,243
101.742212060589,154,39.6,1.6,7.1,4.5,209
101.224064018291,117,39.6,1,7.1,2.7,147
97.8695652173913,98,39.3,0.9,7.2,2.3,117
89.3478260869565,90,39.6,0.9,6.9,2.1,105
72.304347826087,74,39.8,0.9,7,1.4,84
46.2264150943396,49,40.5,0.5,7.1,0.8,51
51,54,42.9,0.5,6,1,54
66.9782608695652,69,42.7,0.6,6.4,1.3,74
91.4782608695652,92,43.6,0.6,6.1,1.6,114
101.630180051443,146,45.1,1,5.9,3,228
102.722492140612,224,46.4,2.1,6,10,455
103.128608173764,253,43.7,2.9,6.6,15.1,493
102.736496141755,225,36.3,2.2,8.7,8.6,410
102.106316090312,180,33.4,1.6,10.5,6.9,277
102.302372106316,194,27.8,1.8,11.4,7.6,340
101.798228065161,158,27.4,1.5,12.7,6.9,238
102.162332094884,184,23.3,2.2,13.3,8.5,323
101.896256073164,165,20.7,1.6,13.9,5.3,286
101.770220062875,156,20,1.5,13.6,4.4,271
102.484424121177,207,50.9,4,8.5,16.8,490
102.568448128037,213,53.3,4,8.3,13,550
102.27436410403,192,58.1,3.6,7.1,12.6,422
102.54044012575,211,64.3,4.2,5.8,14.2,541
102.792512146328,229,66.8,4.3,5.3,12.9,599
102.610460131466,216,66.6,3.6,5,9.7,490
101.490140040011,136,69,1.4,4.1,6.6,214
101.770220062875,156,67.6,1.4,4.6,7.3,274
102.050300085739,176,65.5,1.6,5.2,8.8,338
102.722492140612,224,62.8,2.3,6,11.9,496
102.484424121177,207,59.3,2.4,7.1,12,433
102.680480137182,221,58,2.7,7.8,11.9,496
102.792512146328,229,54.7,3.4,9,16.2,615
102.498428122321,208,53.1,3.1,10,17.6,551
102.484424121177,207,52,3.6,10.8,17.6,575
102.610460131466,216,51.4,3.8,11,17.5,575
102.722492140612,224,51.4,3.3,11,15.7,574
102.736496141755,225,52,3.4,10.9,16.7,582
102.764504144041,227,52,3.7,11.1,17.1,658
103.058588168048,248,53.6,4.6,11,23,851
103.100600171478,251,55.1,5,11,24.6,903
103.296656187482,265,55.4,5.7,11.4,26.8,952
103.254644184053,262,56.9,5.2,11.1,23.2,894
102.960560160046,241,60,5,10.2,22,839
102.820520148614,231,59.9,4.5,10.1,20.4,743
102.792512146328,229,63.2,4.1,9.9,18,671
102.680480137182,221,73.4,4.1,9.4,18.5,689
102.106316090312,180,77.7,3.1,9.4,13.3,478
101.546156044584,140,81.3,2.8,8.9,12.5,345
101.728208059446,153,82.9,2.9,8.5,11.5,373
101.686196056016,150,84,2.6,8.3,10.9,324
101.6161760503,145,85,2.6,8.1,10.7,341
101.672192054873,149,83.7,2.8,8.7,11.9,424
101.756216061732,155,82.4,3.3,9.5,13.4,522
101.798228065161,158,78.2,3.2,11,13,492
102.218348099457,188,67.9,3.3,14.1,11.2,492
101.742212060589,154,56.6,1.5,16.3,5.5,204
101.084024006859,107,48,1.2,18.7,4.9,142
91.4782608695652,92,39.3,1.1,19.5,6.5,118
101.070020005716,106,34.1,1.7,19.9,8.4,126
89.3478260869565,90,32.4,1,19.4,4.4,115
100,100,35.8,1,17.1,4.3,137
101.434124035439,132,40.7,2.6,15.5,11.6,212
102.54044012575,211,42.8,2.5,14.8,9,354
102.092312089168,179,43.8,2.1,13.9,7.8,331
101.210060017148,116,42.9,1,13.7,3.7,141
101.588168048014,143,47.8,1.3,12.5,5.3,228
101.574164046871,142,53.4,1.5,11.8,5.6,228
101.476136038868,135,55.9,1.4,10.9,5.3,203
101.490140040011,136,58.9,1.6,10.1,6,215
101.112032009145,109,61.2,1.1,9.8,4,142
59.5217391304348,62,67.2,0.5,8.3,1.8,66
46.2264150943396,49,68.9,0.4,7.7,1.5,54
79.7608695652174,81,70,0.7,6.9,2.9,121
101.04201200343,104,37.3,0.7,9,2.2,141
102.050300085739,176,44.9,2.3,9.4,11.4,388
102.288368105173,193,45.4,2.5,10.3,9.5,366
101.938268076593,168,39.6,1.7,11.5,11.6,254
101.30808802515,123,36.9,2.5,11.7,33.9,164
101.140040011432,111,36.2,2.1,11.8,7.6,142
101.26607602172,120,38.7,1.1,12,7,162
101.30808802515,123,30.3,1.3,13.7,6.9,177
101.196056016005,115,30.6,1.1,12.6,5.8,157
101.26607602172,120,27.4,1.1,13,5.2,162
101.546156044584,140,22.7,1.4,13.6,6.4,209
102.176336096027,185,23,2.3,11.8,11.9,304
102.554444126893,212,19.9,4.2,10.7,17.4,484
102.386396113175,200,18,3.5,10.4,14.7,399
102.260360102887,191,20.6,3,9.7,10,390
101.952272077736,169,24.8,1.7,9.4,6.6,287
101.532152043441,139,31.2,1.6,8.8,6.6,202
101.014004001143,102,31.2,1,8.7,3.1,126
74.4347826086957,76,30.4,0.8,8.5,2.2,87
53.1304347826087,56,32.9,0.6,8,1.3,59
26.4150943396226,28,39.8,0.3,6.9,0.5,28
53.1304347826087,56,40.8,0.4,6.1,1.3,64
93.6086956521739,94,41.5,0.5,6,2.5,123
102.330380108602,196,39.9,1.5,6.1,6.7,363
102.666476136039,220,39.5,2.1,6.5,8,416
101.938268076593,168,32.7,1.6,9.4,5.3,286
101.448128036582,133,24.9,1,11.3,3.3,198
101.462132037725,134,19.8,1.2,12.8,4.4,216
101.518148042298,138,19.3,1.3,12.3,5.5,211
101.476136038868,135,19.3,1.4,12,4.8,199
101.140040011432,111,19.2,1,11.9,3.5,161
101.322092026293,124,20.7,1.4,12.1,4.9,218
101.798228065161,158,22.1,1.5,11.5,6.6,252
102.120320091455,181,23.1,2.4,10.4,12.3,337
102.176336096027,185,25.2,2.8,9.5,14.1,357
102.204344098314,187,26.9,3.1,8.9,14.2,410
102.330380108602,196,30.1,3.1,8.2,11.6,445
102.022292083452,174,31.8,2,7.4,8.2,314
102.134324092598,182,37.5,2.1,6.6,9.2,366
102.134324092598,182,40.1,1.9,6.3,8.3,336
102.288368105173,193,44.2,2.5,5.2,10.7,387
102.022292083452,174,47.5,2,4.4,8,320
101.574164046871,142,52.2,1.1,3.3,4.5,237
101.504144041155,137,52.4,0.8,3.2,3.8,224
101.546156044584,140,51.7,0.9,3.6,5.1,237
102.400400114318,201,54.2,1.6,3.5,8.8,454
103.618748213775,288,48.3,3.6,5.2,16.1,854
103.226636181766,260,37.6,3.3,7.8,13.4,758
102.470420120034,206,33.8,2.1,8.9,9,428
97.8695652173913,98,33,1.3,9.1,5,205
101.518148042298,138,34.5,1.1,9.1,4.3,205
101.532152043441,139,31.3,1.5,9.6,6.3,226
101.504144041155,137,36.3,1.5,8.5,6,199
101.756216061732,155,34.6,1.6,9.3,5.7,253
101.756216061732,155,37.9,1.5,8.9,5.6,259
101.65818805373,148,41.8,1.6,8.2,7,252
101.728208059446,153,44.5,2.2,7.4,9.5,313
101.980280080023,171,43.4,3.4,7,15.9,433
102.764504144041,227,43.4,5.6,6.6,24.7,611
103.100600171478,251,44.3,5.2,5.9,16.8,626
102.610460131466,216,46.6,2.8,5,10.7,408
102.386396113175,200,40.3,2.4,5.8,8.3,357
102.27436410403,192,43.8,2.7,5.4,11,375
102.204344098314,187,42.1,2.6,5.7,7.4,326
102.008288082309,173,42.1,2.3,5.7,7.9,326
61.6521739130435,64,46.6,0.6,5.7,1.7,72
43.3962264150943,46,45,0.5,6.9,1,49
48.1132075471698,51,42.2,0.5,6.9,1.1,59
101.196056016005,115,43.8,1,6.4,4,220
102.918548156616,238,44.6,2.6,6.6,9.7,602
102.414404115462,202,42.1,2.7,7.7,10.6,485
101.92426407545,167,36.7,1.8,10.1,5.4,295
101.532152043441,139,41.4,1.2,9,3.9,217
101.644184052586,147,42.5,1.3,8.7,4.4,236
101.406116033152,130,47.8,1.4,8.3,5,196
101.588168048014,143,45.5,1.8,8.9,6.8,233
101.588168048014,143,46.1,1.3,8.9,4.8,207
101.490140040011,136,44.9,1.4,9,5,198
101.588168048014,143,42.3,1.4,9.3,5.2,212
102.064304086882,177,45.2,2.4,8.4,10,280
102.358388110889,198,47.8,2.8,7.6,11.1,315
102.386396113175,200,47.2,3.3,7.4,12.9,378
102.260360102887,191,46.9,2.5,7.4,7.8,320
101.952272077736,169,48.2,2.1,6.9,6.3,265
101.070020005716,106,47.9,1.2,7.1,2.8,129
101.056016004573,105,48.7,1.2,6.9,3.3,129
101.406116033152,130,48.2,1.3,6.8,3.1,172
80.8260869565217,82,49.6,1,6.3,2.1,100
33.0188679245283,35,48.1,0.4,6.9,0.8,36
57.3913043478261,60,50.2,0.5,6.4,1.3,79
89.3478260869565,90,50.7,0.7,6.4,1.8,128
102.456416118891,205,48.8,2.1,6.9,7.9,456
102.372392112032,199,44.6,2.5,8.4,9.8,477
101.728208059446,153,37.1,2,10.8,7.4,342
101.868248070877,163,36.2,1.4,11.2,5.3,254
101.714204058302,152,34.4,1.3,11.8,4.8,231
101.630180051443,146,33.1,1.4,11.5,5.6,213
101.630180051443,146,32.6,1.6,10.9,6.6,208
101.462132037725,134,31.7,1.7,11.3,6.7,270
101.882252072021,164,30.9,1.8,11.6,8.4,276
101.560160045727,141,32.2,2.4,11.1,10.3,375
102.442412117748,204,36,2.8,9.7,12.6,395
102.526436124607,210,39,3.3,8.5,16,421
103.086596170334,250,40.3,4.8,8.3,17.6,632
102.414404115462,202,41.3,2.8,8,10.1,424
102.246356101743,190,44.2,2.4,7,9.8,369
102.89054015433,236,51.8,2.9,5.4,11.5,484
103.086596170334,250,55,2.7,4.1,8.2,456
102.652472134896,219,57.8,2.1,3.1,6.8,373
101.770220062875,156,56.7,1.5,3.1,4.3,228
97.8695652173913,98,58.9,0.9,2.3,2.6,117
88.2826086956522,89,60,0.8,1.9,2.4,108
101.04201200343,104,60.3,0.8,1.9,2.3,126
101.65818805373,148,64.6,1.1,0.9,4.5,235
102.302372106316,194,65,1.9,0.6,8.5,339
102.820520148614,231,59.9,2.5,2.1,9,399
102.386396113175,200,57.2,2.2,3.1,5.7,346
102.624464132609,217,54,2.1,4.2,6.9,407
102.526436124607,210,43.8,2.3,7.4,6.4,393
101.35010002858,126,34.5,1.2,11.2,3.5,166
101.238068019434,118,32.4,1.2,13.8,3.7,157
101.182052014861,114,34.9,1.1,12.4,2.9,141
101.224064018291,117,31.9,1.1,12.8,3.4,144
101.546156044584,140,29.1,1.4,13.5,5.3,191
101.938268076593,168,33.3,1.7,11.6,7.3,255
102.414404115462,202,34.9,2.5,10.9,10,379
102.54044012575,211,37.3,2.7,10.4,12.3,427
102.820520148614,231,39.7,3.1,9.7,11.8,509
102.58245212918,214,41.9,2.8,9.1,10.4,459
102.120320091455,181,41.9,1.9,9.3,7.7,293
102.008288082309,173,44.7,1.9,9.4,7.5,269
101.952272077736,169,45.8,1.7,8.5,6.1,244
102.022292083452,174,50,2.2,7.8,8.3,293
101.406116033152,130,46.9,1.5,8.2,4.9,177
70.1739130434783,72,48.6,0.8,8.4,1.9,81
37.7358490566038,40,54.7,0.5,8,1,42
53.1304347826087,56,55.7,0.5,7.8,1.1,61
79.7608695652174,81,53.8,0.7,8,1.5,101
79.7608695652174,81,50.7,0.7,8.8,1.6,98
87.2173913043478,88,47.6,0.9,10.1,2.3,114
93.6086956521739,94,45.8,1,10.6,2.5,118
96.804347826087,97,56.2,1.1,9.1,2.5,120
101.154044012575,112,66.5,1.1,7.9,2.8,151
101.04201200343,104,65,1,8,2.4,131
101.084024006859,107,61,1.1,8.4,3.3,145
101.182052014861,114,57.3,1.3,8.6,3.2,156
101.196056016005,115,56.3,1.2,8.4,2.8,151
101.364104029723,127,57.7,1.3,8,3.4,173
101.252072020577,119,62.6,1.1,7.1,2.9,154
101.672192054873,149,59.3,1.5,7.4,4.6,221
101.546156044584,140,56.9,1.4,7.7,3.8,193
101.056016004573,105,54.4,1.1,7.7,3.1,130
101.210060017148,116,53,1.3,7.7,3.7,156
101.154044012575,112,62.8,1.4,6.7,3.3,148
78.695652173913,80,61.9,1.1,6.6,2.1,93
56.3260869565217,59,70.3,0.8,5.7,1.2,66
46.2264150943396,49,81.5,0.5,3.9,1,50
60.5869565217391,63,84.3,0.6,3.3,2.1,77
101.30808802515,123,80.9,1.2,4.2,5.5,183
101.882252072021,164,75,2.2,5.1,10.9,256
102.638468133752,218,77.6,2.9,4.6,13.3,355
103.142612174907,254,84.3,2.9,3.8,9.6,491
102.526436124607,210,77.4,2,6.2,7,387
102.498428122321,208,67.6,1.7,7.7,6.6,384
102.442412117748,204,64.8,2.2,8.1,9.3,368
101.994284081166,172,64,1.8,8.1,7.9,258
101.784224064018,157,71.3,1.6,6.9,6.9,231
102.120320091455,181,73.7,1.9,7,8.6,290
102.302372106316,194,70,2.2,7.3,10,335
102.288368105173,193,77.8,2.2,5.8,8.8,293
103.114604172621,252,80.9,4.9,5.4,20.2,526
103.548728208059,283,79.8,6.3,5.5,19.7,607
102.498428122321,208,74,2.7,5.6,7.1,326
101.588168048014,143,71.9,1.4,5.6,4.4,188
101.322092026293,124,70.7,1.2,6.4,2.9,163
88.2826086956522,89,70.1,0.8,6.3,2.1,102
84.0217391304348,85,80.5,0.8,4.4,2.1,95
63.7826086956522,66,83.1,0.7,3.9,1.1,71
43.3962264150943,46,85.4,0.4,3.4,0.5,46
57.3913043478261,60,84.5,0.5,3.3,1,62
101.224064018291,117,84.5,0.9,3.4,2.6,170
102.078308088025,178,84.5,1.5,3.4,6.7,313
103.716776221778,295,82.7,3.8,4.1,16.7,687
102.988568162332,243,80.3,5.4,4.6,24,757
103.15661617605,255,74,3.5,6.1,15,559
102.400400114318,201,58.4,1.7,9.1,6.9,286
102.498428122321,208,48.9,2,11.4,9.1,324
102.554444126893,212,64.4,2.1,8.3,10,316
102.918548156616,238,71,3,6.5,12.9,407
102.400400114318,201,71.1,2.1,6.6,9,305
102.638468133752,218,69.3,2.5,7.4,10.9,360
102.694484138325,222,70.6,2.2,6.4,7.9,339
102.470420120034,206,72.5,2.4,5.8,10.2,304
103.100600171478,251,71.6,3.6,5.6,13.2,397
102.246356101743,190,77.8,2.6,4.2,8.1,270
102.638468133752,218,79.5,2.7,4.3,8.5,339
101.686196056016,150,75.5,1.4,4.5,3.6,190
101.140040011432,111,77.1,0.9,4.4,2.6,126
101.574164046871,142,78.2,1.5,4.2,4.3,189
101.252072020577,119,79.3,1.1,4,3.2,146
86.1521739130435,87,78.7,0.8,3.9,1.8,98
68.0434782608696,70,82.8,0.6,3.2,1.2,75
65.9130434782609,68,76,0.6,4.1,0.7,77
63.7826086956522,66,75.9,0.6,4.2,1,72
101.224064018291,117,76.3,0.7,4.5,2.2,152
102.344384109746,197,79.1,1.7,4.4,7.7,337
102.358388110889,198,79.8,1.9,4.3,6.2,360
101.92426407545,167,83,1.4,3.1,3.8,243
102.106316090312,180,83.9,1.3,2.8,3.6,277
101.952272077736,169,79.5,1.2,3.9,3.7,266
102.526436124607,210,74.5,1.9,5.1,8.3,317
102.834524149757,232,72.5,2.5,5.7,10.1,375
102.708488139468,223,74.6,2.3,5.6,9.9,349
102.722492140612,224,75.9,2.3,5.4,9.2,377
102.918548156616,238,78.2,2.5,4.9,10.3,403
103.072592169191,249,79,2.8,4.8,11.4,422
102.708488139468,223,78.6,2.7,4.8,11.7,388
103.002572163475,244,78.2,3.1,4.6,12.6,431
102.988568162332,243,79.7,2.9,4.2,11.4,425
102.750500142898,226,78.9,2.6,4.3,9.6,391
101.92426407545,167,77.9,1.5,4.2,4.6,231
101.994284081166,172,83,1.6,3.2,4.7,248
101.26607602172,120,74.5,1.1,5.1,2.6,142
100,100,80.8,0.9,4,2.9,117
79.7608695652174,81,84.5,0.6,3.3,1.2,87
101.420120034296,131,84.4,0.8,3.6,3,197
101.96627607888,170,83.8,1.5,3.8,5.5,290
103.324664189768,267,82.5,3.1,4.1,12.9,621
103.352672192055,269,83.9,3.8,3.9,14.5,645
103.002572163475,244,83.9,2.7,4.1,9,573
102.834524149757,232,82,1.8,4.6,6.5,414
102.330380108602,196,79.5,1.4,5.5,5.4,314
102.316376107459,195,76.2,1.7,6.7,7.4,317
102.2323521006,189,69,1.9,7.9,7.7,290
102.554444126893,212,66.3,2.2,8.5,10.7,385
103.324664189768,267,70.8,3,7.6,13.3,507
103.254644184053,262,72.4,3,7.2,13.2,534
103.366676193198,270,74.2,3.9,6.7,17.5,601
103.226636181766,260,75.8,4,6.1,17.7,583
103.296656187482,265,74.9,3.9,6.3,17.5,551
103.254644184053,262,78,3.5,6,14.1,547
102.764504144041,227,81.2,2.4,5.6,8.4,385
102.27436410403,192,81.5,2.1,5.5,7.9,318
102.414404115462,202,84.1,2.5,5.3,8.1,356
102.2323521006,189,83.9,2.1,5.2,7.1,326
101.784224064018,157,83.5,1.5,5.1,5.2,233
96.804347826087,97,82.5,1,5,3.4,116
100,100,82.8,0.8,5,2.1,120
101.630180051443,146,80.7,1,5.2,4.1,228
102.036296084596,175,80.2,1.4,5.3,6.1,303
102.246356101743,190,67.4,4.2,8.3,17.8,529
101.910260074307,166,52.1,3.3,10.8,11.8,615
101.728208059446,153,40.3,1.7,13,6.6,298
101.92426407545,167,44.8,2.1,10.9,8.4,317
101.504144041155,137,42.1,2.2,11.5,7.6,305
101.546156044584,140,38.5,1.8,12.5,6.7,253
101.686196056016,150,38.5,2,12.6,7.9,296
101.714204058302,152,38.4,2.3,12.3,8.4,293
102.064304086882,177,43.1,2.8,10.2,12.1,353
102.2323521006,189,48.2,3.4,8.6,12.6,399
102.316376107459,195,50.8,4,7.8,13.6,454
102.092312089168,179,52.8,2.3,7.3,8.1,356
102.218348099457,188,62.4,2.7,6.2,11.2,473
101.96627607888,170,68.2,2.7,5.1,10.1,482
101.840240068591,161,69,2.8,4.7,8.8,443
101.6161760503,145,69.8,2.1,4,6.8,373
101.490140040011,136,71.3,1.9,3.4,6.4,320
101.294084024007,122,75.1,1.7,2.3,5.2,233
101.196056016005,115,66.2,1.3,3.8,3.6,161
101.028008002286,103,60.5,0.9,4.6,2.7,137
101.098028008002,108,54.3,1,5.7,1.9,144
101.322092026293,124,51.3,1,6.2,3.9,182
101.448128036582,133,49.5,1.5,6.7,4.1,227
101.322092026293,124,45,1.5,8.8,3.7,203
101.210060017148,116,43.5,1.4,9.6,3.6,179
101.168048013718,113,43.3,2.4,9.8,4.1,171
101.224064018291,117,43.5,2.8,9.9,4.5,181
101.238068019434,118,44.1,2.9,9.8,4.5,175
101.098028008002,108,45.1,2.6,9.7,2.9,148
97.8695652173913,98,47.3,2.5,9,3.1,132
101.224064018291,117,56,2.7,7.4,3.9,162
101.35010002858,126,61.7,2.8,6.4,4.2,185
101.574164046871,142,58,3,6.8,5.2,234
101.784224064018,157,56.7,3.7,7.3,10.2,275
101.840240068591,161,56.7,3.5,7.2,8.1,272
101.952272077736,169,59.1,3.8,6.7,8.5,331
101.910260074307,166,62.1,4.3,5.9,10.7,347
102.2323521006,189,60.4,4.8,6.3,11.5,488
102.162332094884,184,60.2,4.2,5.5,9.5,404
101.6161760503,145,64.4,3.3,4.6,5.3,255
86.1521739130435,87,65.9,1,3.7,2.7,108
75.5,77,74.3,0.9,1.6,3.1,107
101.154044012575,112,76.3,1.1,1.4,3.2,188
101.238068019434,118,69.5,1.1,2.5,3.6,225
101.322092026293,124,64.8,1.2,3.7,3.7,208
101.602172049157,144,49.9,1.7,7.8,6.4,270
101.378108030866,128,37.1,1.6,11.2,5.2,202
101.26607602172,120,30.6,1.4,12.6,3.9,168
101.420120034296,131,32.9,1.8,10.3,4.1,191
101.196056016005,115,35.5,1.1,10,2.5,149
80.8260869565217,82,40,0.9,8.8,2.2,101
100,100,40.3,1.1,8.3,2.3,134
101.140040011432,111,38.9,1.1,7.9,2.4,150
101.434124035439,132,41,1.2,6.8,2.9,188
101.756216061732,155,42,1.6,6,4.9,254
102.120320091455,181,43.5,2.6,5.5,6.8,324
101.756216061732,155,46.8,1.5,4.6,3.1,238
101.056016004573,105,48,1,4.5,2.1,128
101.252072020577,119,48.6,1.3,4.3,3.9,169
101.686196056016,150,50,1.6,4,3.8,215
93.6086956521739,94,52.9,1,4,1.8,111
53.1304347826087,56,51,0.6,4,1,60
26.4150943396226,28,48,0.3,3.8,0.4,29
23.5849056603774,25,50.3,0.3,3.6,0.3,25
29.2452830188679,31,52.6,0.3,2.8,0.2,34
63.7826086956522,66,52.7,0.4,2.5,0.7,89
101.140040011432,111,50.5,1,2.7,2.6,212
101.294084024007,122,49.4,1.2,2.7,3.1,216
101.196056016005,115,45.2,1,3.3,2.3,191
101.30808802515,123,43.3,0.9,3.1,2,200
101.252072020577,119,38.8,0.8,3.7,2,164
101.336096027436,125,36.8,1.1,4,3.1,185
101.126036010289,110,35,1,3.7,2.9,156
101.140040011432,111,32.4,0.8,3.4,2.1,155
101.182052014861,114,33.1,0.9,3.3,2.5,158
101.182052014861,114,35.1,0.9,2.6,2.8,166
101.546156044584,140,36.6,2,2.1,6.7,268
101.560160045727,141,37.9,2.4,1.6,8.1,309
101.574164046871,142,38,2.5,1.4,7.4,297
101.30808802515,123,36.6,1.6,1,3.6,225
89.3478260869565,90,35.4,0.9,1.1,1.9,122
77.6304347826087,79,34.3,0.7,1,1.4,100
66.9782608695652,69,37.4,0.6,1,1.2,86
57.3913043478261,60,41.2,0.6,0.7,0.9,71
34.9056603773585,37,40.6,0.4,0.2,0.6,39
25.4716981132075,27,37.5,0.2,-0.1,0.2,29
28.3018867924528,30,38.4,0.2,-0.3,0.3,32
31.1320754716981,33,40.1,0.2,-0.6,0.3,37
82.9565217391304,84,41.4,0.5,-0.6,1,134
101.644184052586,147,40.2,1.5,-0.2,5.2,358
101.588168048014,143,36.8,1.9,0.6,6.1,354
101.294084024007,122,30.3,1.4,2.8,3.6,284
101.112032009145,109,29.1,0.9,3.1,2.3,213
94.6739130434783,95,29.2,0.7,3.3,1.9,174
93.6086956521739,94,31,0.8,3.1,2.6,157
101.014004001143,102,30.8,1,3.2,3.1,178
101.084024006859,107,31.5,0.9,3.3,2.7,187
101.168048013718,113,28.6,1,4.1,3,198
101.126036010289,110,29.2,0.9,3.9,3,186
101.210060017148,116,35,1.4,1.9,5,203
101.65818805373,148,35.4,2.1,1.8,7.5,313
101.770220062875,156,36.5,2.8,1.4,9.5,342
101.812232066305,159,36.3,2.2,0.8,5.3,310
101.210060017148,116,34.1,1,0.6,2.4,165
101.126036010289,110,31.9,1.1,0.3,2.5,152
101.014004001143,102,30.2,0.9,0.2,2.2,141
92.5434782608696,93,29.7,0.8,0,1.5,122
64.8478260869565,67,31.9,0.6,-0.1,1.3,79
71.2391304347826,73,46.3,0.4,-1.3,0.9,77
95.7391304347826,96,47.2,0.5,-1.2,1.4,124
101.126036010289,110,47.5,0.7,-1.3,3.5,159
101.686196056016,150,51.4,2.4,-1.9,11,396
101.952272077736,169,45.9,2.8,-0.5,12.4,479
102.120320091455,181,32.5,2,4.6,8.3,438
102.204344098314,187,24.3,2.2,7.5,8.9,466
101.630180051443,146,18.8,1.4,9.6,5.7,288
101.420120034296,131,18.4,1.2,9.3,5.5,205
101.840240068591,161,18.6,1.9,9.7,9,311
101.588168048014,143,16.7,1.3,10.1,6.3,246
102.050300085739,176,13.5,2,11.8,9.1,356
102.078308088025,178,15.3,2,11.6,8.4,397
102.484424121177,207,19.2,3.4,9.1,17.5,579
102.946556158903,240,25.6,5.1,7.2,23.3,819
102.89054015433,236,34,5.3,6.1,19,754
102.372392112032,199,36.4,2.8,5.1,11.1,473
101.96627607888,170,39.6,1.6,4.8,6.2,300
101.728208059446,153,39.6,1.4,5,5,235
101.546156044584,140,41.7,1.4,4.1,5.3,207
101.518148042298,138,43.3,1.4,4.4,4.2,204
101.224064018291,117,45.9,1.1,3.8,3.5,155
101.252072020577,119,56.3,1,3.4,4.1,179
101.098028008002,108,67.9,1,2.9,4,143
101.280080022864,121,74.1,1.2,2.8,5.1,212
101.490140040011,136,75.6,1.4,2.9,6.7,263
102.036296084596,175,72.4,3,3.8,15.6,648
102.54044012575,211,50.2,4.2,5.9,17.1,717
102.190340097171,186,39.4,2.1,7.3,8.8,389
102.064304086882,177,75.9,2,3.6,6.9,438
101.644184052586,147,78.6,1.6,3.6,5.4,282
101.686196056016,150,69.2,1.4,5.3,4.9,268
101.65818805373,148,66,1.6,6.1,5.3,248
101.700200057159,151,70.1,1.5,6,5.4,272
101.700200057159,151,72.1,1.7,6.3,5.5,291
101.896256073164,165,75.7,1.9,6.3,7.5,363
102.344384109746,197,80.4,3.8,5.6,16.7,660
102.778508145184,228,82.4,5.4,4.9,18.2,907
102.330380108602,196,84,4.2,4.3,15.5,639
102.27436410403,192,83.6,3.8,4.3,10.9,574
101.840240068591,161,82.5,2.3,4.6,8.7,373
101.770220062875,156,82,2.1,4.4,7.3,330
101.798228065161,158,80.9,2.3,4.3,7.5,336
101.742212060589,154,81.2,2.3,4.1,6.8,347
101.518148042298,138,80.9,1.7,3.9,4.7,241
91.4782608695652,92,65.1,0.6,4.5,1.3,96
101.028008002286,103,75.2,0.9,4,2.2,147
101.224064018291,117,76.4,1.1,3.7,3.6,210
101.532152043441,139,77.3,1.9,3.1,7.5,409
101.92426407545,167,74.4,3.7,3.7,16.8,719
102.456416118891,205,69.4,6.1,5,28,959
102.610460131466,216,60.9,4.6,6.5,15.8,744
102.27436410403,192,59.8,3.3,7.6,15.5,583
102.218348099457,188,57.6,3.3,8.6,14.9,597
102.2323521006,189,52.4,3.4,10.9,16.4,550
102.27436410403,192,48.3,3.6,12.3,15.6,499
102.302372106316,194,43.4,3.9,12.5,16.1,470
102.624464132609,217,42.3,4.8,11.9,16.6,568
102.078308088025,178,41.2,3.9,12.3,15.9,525
102.148328093741,183,48.1,3.6,10.8,13.3,481
102.2323521006,189,52.5,3.6,8.9,14.9,414
102.736496141755,225,54.7,4.6,8.4,18.5,565
102.036296084596,175,58.7,2.3,7.5,7.9,303
101.728208059446,153,60,1.6,6.9,5,221
101.770220062875,156,61.3,1.8,6.6,6.5,260
101.994284081166,172,59.8,2.2,6.3,6,327
101.882252072021,164,65.8,2.1,5.4,6.8,344
101.784224064018,157,59.6,1.7,5.8,4,270
101.126036010289,110,62.5,1.1,4.2,3.5,136
101.378108030866,128,68.6,1.1,3.1,4.3,194
101.434124035439,132,54.6,0.8,4.6,2,168
101.770220062875,156,54.5,1.3,5,6.1,254
102.176336096027,185,48.1,2.3,7,8.7,410
101.280080022864,121,37.7,1.1,10,3.1,166
101.224064018291,117,30.3,1.1,13,5.2,162
101.448128036582,133,28.1,1.5,14,5.3,188
101.490140040011,136,28.9,1.6,13.3,6.7,199
101.854244069734,162,29,2.2,13.4,8.3,272
101.434124035439,132,28.3,1.5,13.5,5.9,180
101.854244069734,162,29.7,1.8,13,7.3,255
101.812232066305,159,38.7,2,11.6,8.4,251
101.770220062875,156,56.3,1.9,8.6,7.7,258
102.064304086882,177,57.9,2.5,8.5,9.1,344
102.176336096027,185,63.4,2.6,7.8,10.9,380
102.372392112032,199,69.5,3.2,7.2,10.2,464
101.910260074307,166,74.7,2.2,6.5,7.8,304
101.714204058302,152,73.9,1.9,6.5,7,258
101.96627607888,170,72.1,2.4,6.8,9.2,358
101.826236067448,160,60,1.8,7,4.6,278
100,100,47.8,0.9,7.2,2.1,116
54.195652173913,57,52.9,0.7,6.8,1.3,60
45.2830188679245,48,65,0.6,5.8,0.8,51
30.188679245283,32,59.4,0.5,5.8,0.6,33
70.1739130434783,72,58.3,0.6,5.5,1.1,80
85.0869565217391,86,54.8,0.6,5.9,1,103
77.6304347826087,79,48.7,0.7,7.3,1.5,93
86.1521739130435,87,39.9,0.7,9.4,1.4,108
84.0217391304348,85,33.8,0.9,11.2,2,107
96.804347826087,97,29.9,1,12.3,2.3,122
95.7391304347826,96,23.7,1,14.8,2.6,122
101.168048013718,113,26.6,1.4,13.1,6.7,156
101.868248070877,163,25.7,3,13.3,13.3,246
101.630180051443,146,27.7,1.5,12,4,205
101.92426407545,167,30.1,1.7,11.5,5.3,257
101.854244069734,162,33.2,2.3,10.1,8.6,228
102.302372106316,194,38.1,2.5,8.6,6.2,321
102.176336096027,185,41.2,2.1,8,5.3,270
101.798228065161,158,43.8,1.5,7.5,4.1,203
101.770220062875,156,46.9,1.4,6.8,3.5,201
101.784224064018,157,46.3,1.4,6.1,4.1,207
101.560160045727,141,45.5,1.4,5.6,3.2,180
101.210060017148,116,48.8,1.2,5.4,3.2,140
82.9565217391304,84,51.2,0.9,5.1,1.7,93
32.0754716981132,34,57.2,0.4,5.2,0.5,35
42.4528301886792,45,63.1,0.4,4.5,0.6,47
56.3260869565217,59,54.5,0.5,5.2,0.8,68
98.9347826086957,99,51.3,0.7,5.6,1.7,131
101.896256073164,165,45.4,1.5,5.9,5.2,289
101.938268076593,168,41.3,1.9,6.9,6.6,322
101.952272077736,169,34.2,1.6,8.6,5.5,330
101.854244069734,162,27.7,1.4,9.6,4.4,339
101.756216061732,155,25.3,1.3,10.6,4.4,316
101.490140040011,136,25.6,1.3,10.2,4.3,218
101.322092026293,124,25.2,1.2,10,4.5,177
101.798228065161,158,25.7,1.3,9.7,4.5,278
101.92426407545,167,26.8,1.4,9.7,4.8,313
102.050300085739,176,27.3,1.7,9.4,6.3,351
102.442412117748,204,28,2.5,7.9,9.6,374
102.512432123464,209,30.7,3.8,6.9,15,431
102.722492140612,224,33.3,4.2,6.1,15.4,468
102.54044012575,211,37.4,2.8,5,8.9,368
102.022292083452,174,40.9,1.5,4.2,5,239
102.120320091455,181,43.5,1.8,3.9,6.5,292
101.784224064018,157,47.7,1.5,3,4.4,205
101.742212060589,154,52.1,1.5,2.5,5.3,255
101.644184052586,147,53.5,1.2,2,3.1,220
101.182052014861,114,56.8,0.7,1.4,1.9,153
101.462132037725,134,58.4,0.7,0.9,2.8,224
101.602172049157,144,61,1.3,0.3,5.5,295
102.134324092598,182,59.1,3.4,0.9,18.3,667
102.708488139468,223,47.9,5.5,4.1,26.3,867
102.652472134896,219,34.6,4.1,7.7,16.3,666
102.596456130323,215,25.7,3,10.9,12.3,595
102.260360102887,191,17.4,1.9,13.7,7.4,421
101.854244069734,162,16.8,1.8,14,8.1,292
101.896256073164,165,17,2.1,14.1,10.8,308
101.980280080023,171,15.8,2.3,15,9.7,347
101.882252072021,164,14.9,2.3,16.5,9.9,377
101.938268076593,168,16.7,2,15.8,9.6,325
102.442412117748,204,23.9,3.1,13.2,16.5,508
102.974564161189,242,33.8,5.1,11,23.4,768
103.030580165762,246,39,5.9,9.5,24.2,764
102.596456130323,215,42.4,3.2,8.5,13.3,500
102.470420120034,206,44,2.4,7.5,8.4,463
101.92426407545,167,46,1.4,6.6,5.4,258
101.6161760503,145,49.6,1.4,5.5,5.2,214
101.448128036582,133,52.2,1.3,4.9,4.6,191
101.224064018291,117,53.5,1,4.6,3.2,154
89.3478260869565,90,56.8,0.8,3.8,2.5,113
101.154044012575,112,63.5,0.9,2.3,2.8,167
101.26607602172,120,64.9,0.9,2,3.9,235
101.560160045727,141,65.3,1.7,2,7.2,372
102.246356101743,190,61.6,4.3,3.3,20.9,877
102.596456130323,215,52.5,6,5.7,27,900
102.596456130323,215,43.5,3.8,8.3,18.5,733
102.876536153187,235,38.9,3.3,10.5,14,691
102.302372106316,194,33.4,2.3,14.5,10.5,457
101.812232066305,159,34.6,2.4,15.7,11.2,369
101.30808802515,123,36.3,2.2,16.1,10.3,285
101.280080022864,121,34.5,1.9,17.3,8.6,279
101.014004001143,102,34.1,1.7,17.6,7.6,198
101.182052014861,114,33.1,1.9,18,10.2,229
101.938268076593,168,41,3.8,14.6,17.8,477
102.484424121177,207,46.2,5.3,12.8,25.3,679
102.372392112032,199,53.9,5.9,11.5,24.4,682
102.27436410403,192,58.8,5.5,10.6,20,679
101.65818805373,148,60,2,9.7,7.3,298
101.504144041155,137,64.2,1.8,8.3,6.6,265
101.30808802515,123,65.5,1.6,7.8,5.7,196
101.112032009145,109,65.9,1.3,7.5,4.5,155
97.8695652173913,98,72.1,1.1,6.1,4.1,131
93.6086956521739,94,80.9,1,4,3.3,165
94.6739130434783,95,79.1,0.8,4.2,3.3,169
101,101,73.2,0.9,5.3,3.5,224
100,100,76.1,1.3,4.3,6.4,249
101.686196056016,150,74.6,4.1,4.8,20.1,863
101.938268076593,168,64.5,3.9,7.5,21.2,665
102.372392112032,199,49.3,3.5,11.7,13.7,670
101.938268076593,168,41.2,2.7,14.7,11.7,500
101.840240068591,161,33.2,2.3,17.4,10.6,428
101.6161760503,145,18.1,2.1,19.1,9.1,306
101.65818805373,148,15.3,2.2,19.5,9.2,334
101.420120034296,131,14.4,1.8,20.2,5.9,268
101.504144041155,137,16,1.9,19.8,8.6,284
101.868248070877,163,21.6,2.7,16.5,12.7,393
102.652472134896,219,18.3,4.7,14.5,19.8,603
103.016576164618,245,22.8,5.4,12.8,23.8,757
102.792512146328,229,35.9,4.2,11.5,14.6,684
102.162332094884,184,34.6,2.1,9.5,7.6,426
101.700200057159,151,38.2,1.4,8.3,4.9,254
101.448128036582,133,41.7,1.4,7.7,5.2,227
101.476136038868,135,44.9,1.4,6.8,4.8,221
101.140040011432,111,49.4,1,5.7,3.2,155
89.3478260869565,90,50.1,0.8,5.7,2.4,120
88.2826086956522,89,55.2,0.7,4.9,2.1,128
88.2826086956522,89,56.3,0.6,4.5,2.7,148
101.224064018291,117,59.7,0.2,3.8,4.5,233
101.560160045727,141,58.6,1.5,4.3,13.8,470
102.2323521006,189,50,3.5,7.1,22.7,679
102.54044012575,211,38.4,3,11.1,19.3,796
101.854244069734,162,30.6,1,17.2,9.3,339
101.994284081166,172,33.3,1.5,17.8,12.1,354
102.134324092598,182,31.8,2.2,18.8,14.2,466
102.106316090312,180,29.9,1.7,19.3,12.3,417
101.770220062875,156,31.5,1.1,18.8,10.2,289
101.938268076593,168,28.1,1.3,18.2,10.4,324
102.120320091455,181,35.3,1.5,16,13.9,376
102.750500142898,226,43.6,3.4,13.8,23.1,619
102.820520148614,231,48.8,3.8,12.9,22.8,689
102.694484138325,222,49.3,2.8,12.8,13.4,582
101.896256073164,165,50.9,0.8,12.2,6.8,287
101.700200057159,151,55.9,0.5,10.6,6,238
102.022292083452,174,55.9,1,10.3,5.7,312
101.6161760503,145,55.8,0.4,10.2,3.9,231
101.644184052586,147,57.3,0.4,10,4.9,234
101.462132037725,134,57.9,0.3,10.2,4.5,195
87.2173913043478,88,66.1,0.1,10.6,3.3,132
101.112032009145,109,58.5,0.2,12.6,5.8,178
101.406116033152,130,48.6,0.6,15,6.2,218
101.504144041155,137,51.5,0.7,14.2,6.7,246
101.6161760503,145,48.6,0.6,15.1,5.6,252
101.378108030866,128,35.4,0.3,18,5.8,208
101.392112032009,129,35.3,0.5,17.9,7,219
101.056016004573,105,35,0.2,17.7,3.8,160
101.182052014861,114,35.5,0.4,17.6,5.5,191
101.630180051443,146,34.1,0.7,17.5,7.6,270
101.770220062875,156,40,0.9,15.6,8.3,285
101.714204058302,152,47.8,0.8,14,7.5,289
102.400400114318,201,51.4,2.4,13.2,14.1,550
102.680480137182,221,56.1,3.3,12,12.4,679
101.784224064018,157,54.7,0.9,11.6,5.8,314
101.182052014861,114,53.3,0.1,12,3.9,166
101.084024006859,107,55.4,0.1,12.5,2.8,157
101.168048013718,113,56,0.1,12.3,3.1,173
101.238068019434,118,53.4,0.2,12.4,3.3,184
101.154044012575,112,49.9,0.1,12.9,3,166
101.65818805373,148,47.3,0.3,13.9,5,260
101.826236067448,160,51.6,1,13.5,7.7,362
101.882252072021,164,56.2,1.6,13.2,10.1,415
101.812232066305,159,57.8,1.4,14.2,8.5,358
101.126036010289,110,46.2,0.3,17.2,2.8,170
80.8260869565217,82,36.6,0.1,19.9,3.3,130
101.014004001143,102,37.1,0.3,19.7,5,177
101.252072020577,119,37.4,0.5,19,5.6,233
101.476136038868,135,43.5,0.8,16.4,7.1,282
102.596456130323,215,49.8,3.2,15.1,16.7,583
102.54044012575,211,51,2.8,14.8,12.5,566
101.994284081166,172,51.6,1,14.6,6.6,323
101.910260074307,166,52.1,0.9,13.7,8.3,318
101.938268076593,168,55.6,0.9,13.2,7.1,336
101.462132037725,134,55.9,0.4,13.2,3.8,196
101.294084024007,122,62.1,0.4,11.7,5.2,193
101.30808802515,123,68.9,0.3,9.9,5.3,192
101.04201200343,104,68,0.1,9.8,3.8,147
84.0217391304348,85,74.5,0.8,8.4,2.9,117
101.028008002286,103,71,1,9.2,4.4,201
101.364104029723,127,67.6,1.6,9.9,7.5,318
101.868248070877,163,64.4,3.5,10.8,15.7,658
101.756216061732,155,61.7,4,11.7,22.9,680
101.96627607888,170,51.9,3.5,13.7,10.8,497
101.560160045727,141,43.5,1.6,16.3,6.1,290
101.30808802515,123,38.8,1.5,17.9,7,230
101.322092026293,124,35.5,1.5,19.3,7.1,215
101.35010002858,126,32.9,1.7,20.1,8.1,226
101.378108030866,128,33,1.6,20,7.7,240
101.798228065161,158,32.2,2.4,20.2,10.8,391
102.064304086882,177,34.4,3.4,18.9,14.4,492
102.736496141755,225,37.6,5.4,17.9,25.4,700
102.862532152043,234,43.4,6.5,16.7,29.1,782
102.764504144041,227,47.9,6.5,15.9,28.3,728
102.27436410403,192,52.6,4,15.3,14.2,510
101.798228065161,158,58.5,2.1,13.7,8.4,308
101.672192054873,149,62.8,1.6,12.7,7.5,248
101.546156044584,140,65,1.5,12.2,5.2,233
77.6304347826087,79,61.2,0.7,13,2.2,96
66.9782608695652,69,66.1,0.7,11.1,2,90
70.1739130434783,72,69.8,0.6,10.1,1.8,95
55.2608695652174,58,61,0.5,11.6,1.1,68
56.3260869565217,59,64.5,0.4,10.1,1.2,75
87.2173913043478,88,67.9,0.6,9.3,2.4,145
101.126036010289,110,64.3,0.9,10.1,3.8,185
101.700200057159,151,62.7,2.6,10.4,14,506
101.798228065161,158,53.9,3.3,13,18.9,485
102.302372106316,194,44.6,4,16.4,15.6,684
102.120320091455,181,36.7,3.1,19.1,13.2,562
101.840240068591,161,30.6,2.2,21,10.3,357
101.588168048014,143,27.6,2.1,22.1,9.7,306
101.574164046871,142,25.5,2.2,22.2,10,292
101.630180051443,146,23.2,1.9,23.6,10.9,305
101.910260074307,166,22.9,2.5,23.6,12.3,386
101.994284081166,172,24.6,2.9,22.8,14.2,408
102.330380108602,196,29.7,3.9,20.3,21.6,521
102.988568162332,243,36,6.3,18,30.9,766
103.058588168048,248,41.9,7.4,16.4,33.5,841
102.8485281509,233,47.6,5.7,14.9,19.9,754
102.022292083452,174,49.6,2.3,13.8,8.4,350
101.672192054873,149,51.6,1.5,13.2,6.1,244
101.462132037725,134,56.9,1.4,11.8,5.7,221
101.30808802515,123,58,1.1,11.4,4,183
101.140040011432,111,58,0.9,11.3,2.9,166
92.5434782608696,93,59.6,0.7,10.7,2,133
96.804347826087,97,65.4,0.6,9,1.7,147
85.0869565217391,86,68.9,0.6,8,1.6,119
98.9347826086957,99,70.9,0.8,7.5,3.3,179
98.9347826086957,99,69.2,1,7.6,3.6,178
101.392112032009,129,64.3,2.1,8.7,10.2,390
101.840240068591,161,54.3,4.2,11.7,25.2,579
102.414404115462,202,42.2,4.3,15.9,16,735
102.386396113175,200,34.7,3.2,19.3,13.3,568
102.302372106316,194,27.3,2.8,23.1,11.9,487
102.008288082309,173,20.8,2.4,26.1,10.9,343
101.952272077736,169,17.9,2.5,26.8,11,351
102.218348099457,188,16,2.9,28.4,17.3,417
102.54044012575,211,15.1,3,28.8,12.4,509
102.526436124607,210,15.6,3.6,27.9,17.4,573
102.288368105173,193,20.6,3.5,24.1,17.5,518
102.764504144041,227,28,4.8,21,26.2,641
102.708488139468,223,38.8,4.4,18.4,23.1,544
102.792512146328,229,42.9,4.9,16.9,23.5,582
102.302372106316,194,45,2.9,15.5,13.3,407
101.980280080023,171,49.6,2.1,14.3,10.5,327
101.644184052586,147,48,1.6,14.7,6.3,221
101.140040011432,111,51.4,1.2,13.3,4.4,142
101.04201200343,104,53.7,0.9,12.6,3.3,123
89.3478260869565,90,56.8,0.7,11.5,2,106
66.9782608695652,69,61.8,0.5,9.8,1.4,85
82.9565217391304,84,64.3,0.6,9,2.3,114
101.30808802515,123,68.4,1.3,7.9,5.9,299
101.910260074307,166,62.6,3.8,9.5,18.9,723
102.2323521006,189,51,5.6,13.2,26.1,745
102.624464132609,217,40.3,4.4,16.9,16.2,668
102.330380108602,196,31.3,3,20.8,10.8,571
102.2323521006,189,24.7,2.2,24.3,11.1,388
102.022292083452,174,22.6,2,26.7,10.2,323
101.840240068591,161,21.7,2.2,27.1,11.9,312
101.798228065161,158,17.9,2.1,28.3,11.8,320
101.840240068591,161,20,2.2,27.8,10.9,322
101.644184052586,147,19.4,1.9,26.2,8.6,276
101.896256073164,165,24.4,2.7,22.7,15,341
102.58245212918,214,29.3,3.9,20.2,21.3,531
102.778508145184,228,35.2,5.6,17.3,24.8,653
102.946556158903,240,38.7,4.9,16.1,18.4,646
102.218348099457,188,44.5,2.2,14.6,9.1,333
102.008288082309,173,48.6,1.9,13.7,8.1,299
101.686196056016,150,52.2,1.4,12.4,5.9,224
101.462132037725,134,53.4,1.3,11.9,5.1,195
101.434124035439,132,58.4,1.1,10.4,4.5,209
101.224064018291,117,63.5,0.9,8.9,3.2,168
101.028008002286,103,65.9,0.9,8.2,2.8,153
98.9347826086957,99,67.1,0.7,7.7,2,140
101.070020005716,106,68.6,0.8,7.2,3.3,184
101.168048013718,113,66.7,1.2,7.5,5.4,266
101.560160045727,141,61.6,2.9,8.7,14.5,518
102.106316090312,180,51,5.4,12,26.5,681
102.27436410403,192,42.5,4.3,15.4,17.6,558
102.204344098314,187,33.5,3.1,18.8,14.9,457
101.952272077736,169,28.1,2.4,22.2,10.3,353
101.840240068591,161,25.5,2.3,24.7,12,313
101.826236067448,160,23.4,2.3,25,10.4,290
102.064304086882,177,21.9,2.3,25.9,12.9,318
102.652472134896,219,21.7,3.4,25.6,15.1,479
102.554444126893,212,21.8,3.7,25.1,15.8,494
102.736496141755,225,25.6,4.1,22.1,20.1,551
102.946556158903,240,32.5,5.6,19.1,25.6,701
102.708488139468,223,42.5,5.3,16.7,24,571
102.960560160046,241,48.3,4.9,15.5,18.3,643
101.812232066305,159,60.5,2,13.3,7.2,282
101.686196056016,150,67.6,1.9,12.1,6.8,251
101.868248070877,163,68.3,2.2,11.8,6.8,307
101.756216061732,155,68.3,1.9,11.6,6.4,282
101.252072020577,119,67.9,1.1,11.8,2.7,160
93.6086956521739,94,65.8,1,12.3,2.9,125
78.695652173913,80,66.9,0.9,12.2,2.2,106
81.8913043478261,83,67.3,0.9,12.1,2.5,111
77.6304347826087,79,67.1,0.7,11.8,1.9,115
95.7391304347826,96,65.6,1,11.9,3.6,156
101.560160045727,141,65.6,2,12.2,10.1,320
101.728208059446,153,64.4,2.7,12.8,10.9,380
101.770220062875,156,62,2.5,13.4,9.9,371
101.854244069734,162,57,2.4,14.5,9.7,343
101.882252072021,164,51.3,2.2,15.8,8.9,297
101.826236067448,160,46,2.1,17.5,8.5,281
101.546156044584,140,40.2,1.8,19.5,6.6,220
101.252072020577,119,35.9,1.4,21.2,5.4,174
101.728208059446,153,35.1,2.1,21.7,8.7,260
101.532152043441,139,38.4,1.7,20.5,5.8,222
101.770220062875,156,45.9,1.9,18.2,7.6,266
102.148328093741,183,53,2.7,16.2,12.4,387
102.176336096027,185,57.6,3.2,15,14.7,425
102.386396113175,200,60.8,3.3,14.1,10.5,484
101.868248070877,163,65.6,2.3,13.2,7.3,325
101.742212060589,154,63.8,1.9,13.5,8.5,257
101.700200057159,151,63.4,1.9,13.6,6.8,273
101.672192054873,149,63.5,1.9,13.6,5.9,276
101.420120034296,131,64.8,1.5,13.4,4.3,202
93.6086956521739,94,64.8,1.1,13.2,3.5,132
66.9782608695652,69,65.9,0.8,12.6,2.4,87
54.195652173913,57,64,0.6,13.1,1.6,70
76.5652173913043,78,66.2,0.7,12.4,2.7,113
82.9565217391304,84,62.4,0.7,13.3,2.5,112
96.804347826087,97,59.7,1,14,3.9,140
101.30808802515,123,54,1.5,15.4,6.2,214
101.910260074307,166,47.5,2.4,17,8.8,334
101.406116033152,130,42.6,1.6,18.6,4.3,203
101.112032009145,109,35,1.2,21.5,3.4,163
80.8260869565217,82,35.6,0.9,21.3,2.2,110
71.2391304347826,73,32.1,0.9,23.1,3.6,107
90.4130434782609,91,34.5,1.1,22.1,4.1,135
101.112032009145,109,35.7,1.4,21.5,5.7,187
101.378108030866,128,41.6,1.7,19.3,6.6,240
101.756216061732,155,47.8,2.9,17.3,12.7,398
102.050300085739,176,54.9,4,16,14.8,585
102.092312089168,179,58,4,15.6,12.3,590
101.322092026293,124,61.3,1.9,14.8,6.3,295
101.056016004573,105,63.4,1.5,13.8,5.3,209
98.9347826086957,99,66.1,1.5,13.1,5.3,183
101.04201200343,104,66.4,1.6,13.3,4.7,177
94.6739130434783,95,67,1.1,13.3,3.3,126
79.7608695652174,81,68.6,0.8,13.1,2.7,100
65.9130434782609,68,72.4,0.7,12.2,2,83
66.9782608695652,69,73.8,0.6,11.6,1.6,84
71.2391304347826,73,67.5,0.7,12.9,3,113
101.168048013718,113,68,1.3,12.8,6.1,270
101.560160045727,141,63.9,3.2,13.5,17.3,487
102.022292083452,174,59.8,6.1,14.7,31,723
102.078308088025,178,56.6,4.3,15.9,15.4,614
101.868248070877,163,49.4,2.6,18.3,10.9,395
101.588168048014,143,44.2,2,19.8,8.4,310
101.364104029723,127,39.6,1.8,21.6,7.1,259
101.420120034296,131,35.8,2.1,23.3,10,251
101.476136038868,135,33.4,2.1,23.8,8.2,261
101.420120034296,131,35.3,2,22.8,9.2,241
101.728208059446,153,34.9,2.6,22.8,12.4,317
102.358388110889,198,39.3,4.5,20.9,23.3,505
102.834524149757,232,46.4,6.4,18.6,29.7,669
102.722492140612,224,52.7,6,17.2,25.7,638
102.148328093741,183,61,3.8,15.3,14.3,433
101.602172049157,144,65.4,2.1,14.2,8.2,252
101.224064018291,117,65.2,1.2,13.8,4.9,154
101.070020005716,106,65.6,1.3,13.3,5.9,152
101.280080022864,121,67.9,1.5,12.6,5.7,181
86.1521739130435,87,64.5,0.9,12.8,2.9,109
59.5217391304348,62,63.6,0.7,12.8,1.8,73
68.0434782608696,70,65.2,0.5,12,1.2,83
63.7826086956522,66,70.8,0.6,10.6,1.6,90
87.2173913043478,88,69.2,0.7,10.9,2.5,151
92.5434782608696,93,70.9,0.9,10.3,3.8,191
101.210060017148,116,66.3,2.2,11.8,13.5,403
101.700200057159,151,58.9,4.7,14.1,27.8,555
101.952272077736,169,51.6,4.5,16.5,18.8,551
101.910260074307,166,42.1,3.1,20.2,15.7,473
101.826236067448,160,39,2.8,21.7,15.6,388
101.6161760503,145,35,2.4,23.5,12.3,296
101.420120034296,131,34.2,2.5,23.5,12.4,283
101.406116033152,130,28.3,2,25.5,9.1,256
101.294084024007,122,24.7,1.7,25.5,8.6,234
101.168048013718,113,29.2,1.7,22.9,8.4,215
101.770220062875,156,32.9,3.3,21.3,20.9,454
102.358388110889,198,42.4,4.5,20.1,21.9,605
102.036296084596,175,46.6,5.8,18.6,20.4,529
101.560160045727,141,50.6,4.3,17.4,11,354
101,101,57.2,3,16.4,6.8,195
101.014004001143,102,59.4,2.8,16.3,6.3,161
101.252072020577,119,60.2,2.7,16,6.2,187
101.126036010289,110,61.6,2.4,15.6,3.5,156
86.1521739130435,87,62,2.2,15.4,3.3,116
63.7826086956522,66,63.5,2,15.2,2.5,83
60.5869565217391,63,64.8,0.5,15,1.8,78
69.1086956521739,71,68.3,0.7,14.2,3.6,127
101.028008002286,103,68.6,1.2,14,6.1,279
101.602172049157,144,63.4,3.9,15.4,22.3,649
101.798228065161,158,53.3,4.9,17.8,27,593
101.952272077736,169,47.5,4.6,19.4,19.5,584
102.162332094884,184,38.7,3.4,21.4,15.8,563
101.588168048014,143,29.3,2,22.9,10.3,337
101.448128036582,133,26.5,1.9,24.2,11,272
101.560160045727,141,23.1,2.4,24.5,11.9,322
101.728208059446,153,22.8,2.4,23.1,11.7,362
101.672192054873,149,23.8,2.2,23.3,12,361
101.812232066305,159,23.3,2.5,23.2,12.3,431
102.120320091455,181,25.5,3.9,22.7,23.2,545
102.764504144041,227,29.2,6.2,21,32.6,796
102.806516147471,230,35.6,7.2,19.5,32,874
102.302372106316,194,37.3,3.9,18.8,18.8,551
101.994284081166,172,39.7,2.4,17.7,12.1,393
101.798228065161,158,45.2,2.3,16.7,13,369
101.602172049157,144,47,1.9,15.9,9.9,314
101.448128036582,133,50.2,1.7,15.1,8.1,294
101.112032009145,109,49.2,0.9,15.3,3.8,165
93.6086956521739,94,56.1,0.7,13.1,3.1,143
71.2391304347826,73,54.4,0.5,13.3,2,93
74.4347826086957,76,58.3,0.4,12.4,2.2,111
72.304347826087,74,56,0.4,12.9,2.3,105
71.2391304347826,73,59.6,0.7,11.9,4.9,173
101.084024006859,107,55.1,3.1,13.4,19.8,541
101.196056016005,115,46.4,3.4,16.1,15,581
101.434124035439,132,42.2,3.5,17.9,18.1,591
101.756216061732,155,43.2,3.2,18.2,15.3,653
101.546156044584,140,67.9,3.2,16,17.8,690
101.644184052586,147,59.7,3.3,17.6,17.3,602
101.840240068591,161,43.4,3,20.9,14.1,489
101.30808802515,123,33.3,2,24.1,10.3,288
101.574164046871,142,35.2,2.3,22.9,11,323
101.588168048014,143,36.2,2.2,22.2,10.3,301
101.728208059446,153,37.8,2.7,21.3,14.6,335
102.386396113175,200,43.2,5.9,20.1,30.8,659
102.834524149757,232,49.1,7.5,18.8,35.5,847
102.400400114318,201,52.2,5,18.2,24.2,691
102.036296084596,175,57.3,4,17.4,17.8,590
101.812232066305,159,56.6,2.7,17,11.9,449
101.476136038868,135,66.3,2,16.2,9.3,316
101.378108030866,128,73.3,1.5,15.3,6.3,239
101.112032009145,109,73.3,1,15.2,4,165
101,101,80.4,1,13.9,4.1,152
95.7391304347826,96,82.8,0.9,13.6,4.1,144
86.1521739130435,87,82,0.8,13.7,3.3,126
79.7608695652174,81,78,0.6,13.7,2.5,132
100,100,75.5,1,14.1,5.4,228
101.630180051443,146,73.6,3.2,14.8,17.4,580
101.798228065161,158,67.8,4.3,16,22.9,564
101.490140040011,136,59.2,2.7,18.4,11.1,369
101.224064018291,117,50.5,1.6,20.4,9.5,260
101.546156044584,140,46.6,1.4,21.3,13.6,371
101.952272077736,169,49.8,2.3,20.4,17,513
101.868248070877,163,47.8,2.1,21.1,15.8,471
101.602172049157,144,47.8,1.4,21.5,14.3,378
101.728208059446,153,47.4,3.4,21.7,17.5,445
101.882252072021,164,49.8,3.8,21,17.8,483
102.022292083452,174,51.9,4.9,20.4,24.3,530
102.330380108602,196,56.3,5.7,19.4,27.2,649
102.2323521006,189,58.3,5.5,18.8,23.7,604
101.756216061732,155,61,3.9,18.2,16.7,486
101.504144041155,137,63.3,3.1,17.7,14,402
101.224064018291,117,63.5,2,17.7,10.1,268
101.378108030866,128,66.9,2.5,17.1,12.1,350
101.322092026293,124,69,2.2,16.8,10.5,312
101.098028008002,108,70,1.5,16.6,7.2,243
88.2826086956522,89,71.3,1.2,16.1,6.4,202
82.9565217391304,84,69.8,0.8,16.3,5.3,139
81.8913043478261,83,70,0.1,16.1,4.9,156
78.695652173913,80,69.5,1.1,16.1,5.7,175
92.5434782608696,93,68.1,1.7,16.5,9,281
101.070020005716,106,65,2.1,17.4,10.9,322
101.196056016005,115,60.2,2.3,18.4,10.6,369
101.322092026293,124,57.5,2.1,19.1,9.3,366
101.168048013718,113,48.4,1.9,21.2,8.3,301
101.04201200343,104,43.9,1.7,22.3,6.6,232
84.0217391304348,85,39.4,1.3,23.7,5.1,156
93.6086956521739,94,41.2,1.3,23.1,7.9,169
98.9347826086957,99,35.7,1.6,25.7,7.7,203
101.154044012575,112,38.4,2.2,24.3,10.7,260
101.294084024007,122,45.1,2.3,21.9,10.5,289
101.252072020577,119,51.8,2.2,19.7,10.9,273
101.252072020577,119,54.5,2,18.7,8.4,263
101.364104029723,127,58.1,2.3,17.8,10,295
101.35010002858,126,60.8,2.2,17.3,10.3,303
101.140040011432,111,63.8,1.6,16.5,7.2,209
101.014004001143,102,65.2,1.6,16.3,6.4,200
92.5434782608696,93,63.8,1.3,16.5,4.3,174
76.5652173913043,78,63,1,16.6,3.3,115
72.304347826087,74,64.3,1,16.2,3.9,122
65.9130434782609,68,65.1,1,15.9,3.4,105
65.9130434782609,68,65.4,0.8,15.8,2.3,102
58.4565217391304,61,65.9,0.7,15.8,2.3,96
74.4347826086957,76,67.7,1.1,15.6,4.2,144
76.5652173913043,78,71.5,1.1,15.2,3.6,152
77.6304347826087,79,80.8,1.1,14.5,4.4,156
89.3478260869565,90,81.4,1.4,15.2,4.6,208
88.2826086956522,89,77.3,1.3,15.9,4.5,174
96.804347826087,97,67.1,1.5,17.5,5,206
90.4130434782609,91,62.8,1.3,18.1,3.8,160
59.5217391304348,62,62.1,0.8,18.6,2.5,91
63.7826086956522,66,71.9,0.9,16.2,2.7,106
101.04201200343,104,75.2,1.4,15.4,3.5,199
101.35010002858,126,80.8,1.8,14.4,4.9,299
101.294084024007,122,83.5,1.6,13.8,4.4,272
101.280080022864,121,83.6,1.8,13.9,5.7,285
101.35010002858,126,82.3,2.1,14.2,6.3,307
101.196056016005,115,81.4,1.9,14.1,6,237
101.210060017148,116,79,1.7,14.4,6,244
101.26607602172,120,77.7,1.9,14.6,5.6,284
101.140040011432,111,78.6,1.6,14.4,4.3,221
101,101,78,1.2,14.4,3,173
91.4782608695652,92,79.1,1,14.1,2.8,144
76.5652173913043,78,80.6,1,13.7,2.7,117
60.5869565217391,63,79.6,0.8,13.9,2,89
60.5869565217391,63,79,0.6,13.8,1.9,97
60.5869565217391,63,78,0.6,13.9,1.9,95
82.9565217391304,84,77.8,1,14.1,3.1,166
88.2826086956522,89,73.2,1,15,3.4,160
101,101,67.3,1.3,16.4,4.9,176
101.196056016005,115,61.7,1.5,17.8,5.2,216
101.140040011432,111,50.4,1.6,20.8,5.5,220
95.7391304347826,96,46.8,1.4,21.6,4.2,183
86.1521739130435,87,41.3,1.4,23.1,3.3,154
79.7608695652174,81,39.4,1.2,23.6,4.8,132
84.0217391304348,85,34,1.3,25.1,4.2,140
97.8695652173913,98,35.6,1.4,24.7,3.7,186
101.112032009145,109,38.1,1.6,24.2,6.2,213
101.686196056016,150,42.4,2.8,22.7,9.7,376
102.036296084596,175,47.8,3.7,19.6,12.4,508
101.784224064018,157,54.4,2.9,17.6,9.4,388
101.406116033152,130,60.6,1.8,16.2,7.1,250
101.26607602172,120,65.8,1.6,15.2,6.1,232
101.182052014861,114,68.9,1.7,14.5,6,229
100,100,68.5,1.5,14.3,5,184
81.8913043478261,83,66.4,1,14.7,2.9,117
70.1739130434783,72,70.4,0.8,13.4,2.2,103
48.1132075471698,51,65.1,0.5,14.2,1,66
55.2608695652174,58,67.8,0.5,13.7,1.9,95
85.0869565217391,86,71.8,1,12.9,4.7,188
101.294084024007,122,69.9,3,13.2,16,527
101.546156044584,140,65.8,5.1,14.4,26.3,623
101.630180051443,146,63.3,4.3,15.3,18.8,606
101.714204058302,152,55.6,3.3,17.7,14.4,460
101.644184052586,147,49.4,2.4,19.6,10,346
101.462132037725,134,58.3,2.4,18.1,12.1,296
101.490140040011,136,57.9,2.5,18,11.7,321
101.574164046871,142,55,2.3,18.6,12,312
101.728208059446,153,57.9,2.7,18.3,12.3,355
101.728208059446,153,54.8,2.7,18.3,12.3,349
101.756216061732,155,53.9,3.3,18.3,16.7,385
102.120320091455,181,54.6,3.9,18.5,15.3,456
101.700200057159,151,61.5,2.6,17.1,13.4,306
101.812232066305,159,62.5,3.2,16.4,13.5,402
101.700200057159,151,64.2,2.3,15.2,9,340
101.364104029723,127,67.3,1.4,14.6,4.8,206
101.084024006859,107,70.8,1.1,13.5,5,158
101,101,71.9,1.2,13,4.9,178
78.695652173913,80,70.2,0.9,13,3.4,118
65.9130434782609,68,74.9,0.7,11.6,2.4,95
58.4565217391304,61,67.4,0.5,12.5,1.1,84
53.1304347826087,56,71.5,0.4,11.5,1.4,82
68.0434782608696,70,77.9,0.5,10.2,2.1,122
76.5652173913043,78,73.1,0.8,11,3.8,146
101.070020005716,106,73.6,2.3,10.7,12.6,397
101.224064018291,117,67.3,2.9,12.1,14.7,371
101.602172049157,144,58.6,3.1,15.1,15.5,454
101.798228065161,158,49.5,2.7,18.6,12.1,433
101.504144041155,137,42.5,1.8,20.9,7.9,287
101.406116033152,130,34.8,1.9,23.6,9.6,265
101.336096027436,125,28.5,1.8,25.6,8.3,225
101.322092026293,124,26.3,1.8,26.1,9.2,210
101.336096027436,125,24.9,1.8,26.6,8.4,215
101.476136038868,135,28.5,1.7,25.1,9.2,227
102.092312089168,179,32.1,3.2,24.1,16.1,403
102.148328093741,183,39.1,3.4,21.5,17.1,444
102.288368105173,193,46.2,4.2,19.3,19.9,475
102.176336096027,185,52.6,3.5,18.2,14.9,438
101.644184052586,147,58.2,2,16.8,8.8,254
101.224064018291,117,61.9,1.4,16,5.8,172
101.154044012575,112,65.4,1.5,15.3,6.6,174
101,101,67.8,1.2,14.5,4.8,146
92.5434782608696,93,68.6,1.1,14.2,4.1,134
61.6521739130435,64,68.7,0.7,13.9,2.5,83
58.4565217391304,61,72.5,0.6,13.1,1.7,81
51,54,72.7,0.5,12.9,1.6,73
61.6521739130435,64,74.2,0.6,12.3,2.6,104
78.695652173913,80,71.5,0.9,12.6,6.1,191
101.448128036582,133,69.6,4,12.7,23.6,673
101.96627607888,170,51.6,4.1,16.8,10.9,547
101.532152043441,139,40.1,1.9,20.3,6.8,275
101.322092026293,124,37.3,1.3,21,4.9,200
101.238068019434,118,36.9,1.2,21,4.2,185
101.098028008002,108,33,1.2,22.8,4.3,164
100,100,30.3,1.2,24,4,150
90.4130434782609,91,33.2,0.9,22.6,3.1,134
88.2826086956522,89,32.9,1,22.5,3.7,128
101.014004001143,102,33.8,1.1,21.5,3.8,150
101.182052014861,114,36.4,1.5,21.4,6.5,171
101.322092026293,124,38.9,2.1,20,7.2,204
101.490140040011,136,45.2,2.1,17.8,8.3,215
101.238068019434,118,47.3,1.5,16.3,4.4,156
92.5434782608696,93,44.8,1,16.3,2.3,114
70.1739130434783,72,47.1,0.8,15.6,1.8,81
66.9782608695652,69,47.6,0.8,15.1,2.1,83
58.4565217391304,61,44.5,0.7,15.1,1.5,69
47.1698113207547,50,43,0.6,14.6,1,53
33.0188679245283,35,43.7,0.5,14.5,1.1,36
27.3584905660377,29,46.7,0.5,13.6,0.9,30
63.7826086956522,66,50.6,0.5,13.5,1.4,88
88.2826086956522,89,47.4,0.6,13.7,2,135
101.686196056016,150,45.9,1.5,13.7,6.7,280
101.686196056016,150,41,1.9,16.1,6.3,313
101.364104029723,127,41.5,1.3,16.1,4.3,205
101.26607602172,120,40.8,1,16.5,3.5,180
101.30808802515,123,33.8,1,18.9,3.6,197
101.196056016005,115,29.5,1.1,19.2,4,172
101.294084024007,122,26.3,1.3,19.9,4.5,184
101.140040011432,111,27,1,19.2,3.3,160
101.252072020577,119,25.3,1.1,19.4,3.6,176
101.504144041155,137,26.2,1.4,18.9,4.3,219
101.644184052586,147,24.7,1.5,19.3,5.1,222
101.742212060589,154,25.3,1.6,17.1,5.5,231
101.826236067448,160,26.2,2.2,15.6,7.4,248
101.462132037725,134,30.6,1.4,13.8,3.7,183
101.126036010289,110,31.7,0.9,13.1,1.9,144
98.9347826086957,99,31.8,0.8,13.2,2.1,132
101.364104029723,127,30.8,1.1,13.6,3.4,180
102.022292083452,174,32,1.5,13.1,5.8,280
101.364104029723,127,33.6,1.1,12.7,1.9,167
79.7608695652174,81,35.6,0.6,12.2,1.5,102
68.0434782608696,70,35.6,0.5,11.9,1.4,92
46.2264150943396,49,38.3,0.4,11.2,0.9,63
41.5094339622642,44,40.5,0.4,11,1.4,59
101.084024006859,107,42.8,0.6,10.7,2,163
101.560160045727,141,43.3,0.9,11.1,3.1,227
101.280080022864,121,36.9,0.9,14.2,2.5,183
101.028008002286,103,33.3,0.8,15.6,2.7,145
101.014004001143,102,30,1,16.3,2.7,150
94.6739130434783,95,26.1,0.8,17,2.7,138
92.5434782608696,93,22.3,0.8,19.3,2.4,134
94.6739130434783,95,21.9,1,20.5,2.4,137
78.695652173913,80,20.2,0.8,22,2.3,112
79.7608695652174,81,20.9,0.8,21.7,2.5,112
101.070020005716,106,20.8,0.9,21.6,2.9,149
101.168048013718,113,22.3,1.1,21,3.5,159
101.224064018291,117,26.6,1.1,18.6,4,161
101.322092026293,124,33.9,1.2,15.5,3.5,171
101.294084024007,122,38,1.1,14.3,2.9,167
86.1521739130435,87,39.4,0.8,13.5,1.8,116
77.6304347826087,79,41.3,0.7,13.1,1.8,105
92.5434782608696,93,37.8,0.7,13.5,2.1,125
101.014004001143,102,37.4,0.8,13.5,2.5,140
85.0869565217391,86,40.8,0.8,12.7,2.8,109
75.5,77,44.2,0.7,12,2.7,99
87.2173913043478,88,48.7,0.8,10.5,2.8,120
61.6521739130435,64,49.7,0.5,10.1,2,83
43.3962264150943,46,51,0.3,9.6,1,60
52.0652173913044,55,52.4,0.4,9.1,1.3,75
82.9565217391304,84,52.7,0.6,8.9,1.7,127
88.2826086956522,89,40,0.7,13.5,2.4,134
101.238068019434,118,30.7,1.2,17.8,4.1,192
101.168048013718,113,23.7,1.4,21.1,3.4,166
101.196056016005,115,19.3,1.3,24,5.3,171
101.322092026293,124,16.4,1.4,26.5,5.3,177
85.0869565217391,86,13.7,1,28.7,3.8,119
86.1521739130435,87,13.1,1,28.5,4.2,121
100,100,11.1,1.1,30,5.4,142
101.434124035439,132,10.4,1.3,29.4,6.3,197
101.770220062875,156,9.9,1.4,28.9,6.1,242
101.518148042298,138,21.7,1.2,22.8,4.6,190
102.120320091455,181,33,2.7,19.9,11.1,367
102.204344098314,187,40.7,2.5,17.5,7.9,355
101.798228065161,158,46.6,1.5,16.4,6,235
101.728208059446,153,49,1.6,15.5,5.8,233
101.378108030866,128,52.5,1.2,14.3,5.1,170
92.5434782608696,93,51.4,0.9,14.2,3.5,117
55.2608695652174,58,51.2,0.6,13.8,1.9,70
52.0652173913044,55,56.3,0.5,12.1,1.5,69
48.1132075471698,51,58.9,0.4,11.3,1.1,62
50,53,59.9,0.5,10.4,1.3,77
92.5434782608696,93,63.1,1.1,9.5,4.4,182
101.756216061732,155,61.9,4,9.7,17.4,594
102.022292083452,174,48.9,5,13.5,22.4,586
102.204344098314,187,36.3,3.9,18.2,13.6,523
102.246356101743,190,29.3,3.1,21.9,13.5,472
102.092312089168,179,23.7,2.4,24.3,11.4,353
102.036296084596,175,18.3,2.4,26.9,12.4,293
101.770220062875,156,13.5,2.1,28.3,9.5,235
101.938268076593,168,13.1,2.2,28.5,11.9,265
